GABPA_MOUSE.H10MO.A.bed,0.55609362389,689,1239,29698,1;0;0;0;0;0;0;0;0;0;0;0;0;1;0;0;0;0;0;0;0;0;0;0;0;0;1;0;0;0;0;0;0;0;0;0;0;0;1;0;0;0;0;0;0;0;0;0;1;0;0;0;2;2;2;3;1;1;0;1;2;3;4;3;1;0;0;1;0;1;0;0;0;1;0;0;0;0;0;0;0;0;0;0;0;0;1;0;0;0;0;0;0;0;0;1;0;0;0;1
ELF1_MOUSE.H10MO.B.bed,0.536082474227,312,582,28080,1;0;0;0;0;0;0;0;0;0;0;0;0;0;0;0;0;0;0;0;0;0;0;0;0;0;1;0;0;0;1;0;0;0;0;0;0;0;1;0;0;1;0;0;0;0;0;0;0;0;0;0;2;1;1;2;0;0;1;0;2;0;1;1;0;0;0;0;0;1;0;0;0;0;0;0;0;0;0;0;0;0;0;0;0;0;1;0;0;1;0;0;0;0;0;0;0;0;0;1
CTCF_MOUSE.H10MO.A.bed,0.512796079499,3767,7346,59744,1;1;0;0;0;1;0;1;2;0;1;0;1;1;0;0;2;1;1;0;0;1;0;0;1;2;1;2;0;2;1;4;1;2;0;2;4;3;2;6;4;3;7;3;7;6;8;13;28;19;36;14;10;8;8;5;3;8;6;2;5;3;3;1;2;2;0;1;0;2;1;0;1;0;0;0;0;0;1;1;0;0;1;1;1;2;0;0;0;2;0;0;0;0;0;2;1;1;1;3
NRF1_MOUSE.H10MO.A.bed,0.508950702286,1848,3631,34477,2;0;0;0;0;1;0;0;0;0;0;0;0;0;0;0;0;0;0;0;0;0;0;0;0;0;0;0;1;1;2;0;2;4;2;2;2;5;1;3;7;5;9;5;3;3;7;7;3;6;2;2;2;2;1;1;0;3;0;0;2;1;1;0;0;0;1;0;0;0;0;0;0;0;0;0;0;0;0;0;1;0;0;0;0;0;0;0;0;0;0;0;0;0;0;0;0;0;0;1
NFYA_MOUSE.H10MO.S.bed,0.474087161366,805,1698,42819,1;1;1;1;0;0;1;0;0;0;0;1;0;0;0;1;1;0;0;0;0;0;0;0;0;0;0;0;0;0;1;0;1;0;0;1;1;1;0;0;0;4;1;0;1;1;1;4;4;1;0;2;4;3;1;1;1;1;0;0;0;0;0;1;0;0;0;0;0;0;1;0;0;0;0;1;1;0;0;1;0;0;0;0;0;1;0;1;0;0;0;0;0;0;0;1;0;0;0;4
FLI1_MOUSE.H10MO.A.bed,0.468245967742,929,1984,35921,1;1;0;0;0;0;0;0;0;0;0;0;0;0;0;0;0;0;1;0;1;0;0;1;0;0;0;0;0;0;0;0;0;0;0;0;2;1;0;0;0;0;0;1;0;0;0;4;4;0;6;1;4;2;1;3;5;2;3;1;2;1;0;3;0;1;2;0;0;0;0;0;0;0;0;1;0;0;1;1;1;1;0;0;0;0;1;2;0;0;2;1;0;0;0;0;0;0;0;1
ELK4_MOUSE.H10MO.B.bed,0.46261682243,198,428,28894,1;0;0;0;0;0;0;0;0;0;0;0;1;0;0;0;0;0;0;0;0;0;0;0;0;0;0;0;0;0;0;0;0;0;0;0;0;0;0;0;0;0;0;0;0;0;1;1;0;0;1;0;0;1;0;0;0;0;0;0;0;0;0;0;0;0;0;0;0;1;0;0;0;0;0;0;0;0;0;0;0;0;1;0;0;0;0;0;0;0;0;0;0;1;0;0;0;0;0;1
NFYB_MOUSE.H10MO.A.bed,0.458810692853,841,1833,44217,1;1;1;1;1;0;2;0;0;0;0;1;0;0;0;1;0;0;0;0;0;0;0;0;1;0;0;0;0;0;1;0;1;0;1;1;2;2;0;0;0;3;3;0;1;1;1;4;4;1;1;2;4;3;1;1;1;1;0;0;0;0;0;1;0;0;0;0;0;0;1;0;0;0;0;1;1;0;0;1;0;1;0;0;0;1;0;1;0;0;0;0;0;1;0;1;0;0;0;4
NFYC_MOUSE.H10MO.B.bed,0.444987775061,728,1636,42588,1;0;0;0;0;2;0;0;0;0;1;0;0;0;2;0;0;0;0;0;0;0;0;0;0;0;0;0;0;1;0;0;1;0;1;1;1;0;0;1;2;0;0;0;1;1;2;1;2;0;2;3;2;1;1;2;1;0;0;0;0;0;2;0;0;0;0;0;0;1;0;0;0;0;0;1;0;0;0;1;0;1;0;0;1;0;0;1;0;0;0;0;0;0;0;2;0;0;0;3
GABP1_MOUSE.H10MO.C.bed,0.444099378882,286,644,28987,1;0;0;0;0;0;0;0;0;0;0;0;0;0;0;0;0;0;0;0;0;0;0;0;0;0;0;0;0;0;0;0;1;0;0;0;0;0;0;0;0;0;0;0;0;0;0;0;0;0;0;0;0;0;0;0;0;0;2;1;0;1;2;0;1;0;0;1;1;2;0;1;1;0;0;0;0;1;0;0;0;0;0;0;0;0;0;0;0;0;0;0;0;0;0;0;0;0;0;1
USF2_MOUSE.H10MO.A.bed,0.436525612472,392,898,30644,1;0;0;0;0;0;0;0;0;0;0;0;0;0;0;0;0;0;0;0;0;0;0;0;0;0;0;0;0;0;0;0;0;0;0;0;0;0;0;1;3;0;0;0;1;0;2;1;1;2;0;0;0;1;0;1;0;0;2;0;0;0;0;0;0;1;0;0;0;2;0;0;0;0;0;0;0;0;0;0;0;1;0;0;0;0;0;0;0;0;0;0;0;0;0;0;0;1;0;2
CREM_MOUSE.H10MO.C.bed,0.418772563177,232,554,29310,1;0;0;0;0;0;0;0;0;0;1;0;0;0;1;1;0;0;0;0;0;0;0;0;0;0;0;0;0;0;0;0;0;0;0;0;0;0;0;1;1;0;0;0;0;0;0;0;0;0;1;0;0;0;0;0;0;0;0;0;0;0;0;0;0;0;0;0;0;0;0;0;0;0;0;1;0;0;0;0;0;0;0;0;0;0;0;0;0;1;0;0;0;0;0;0;0;0;0;1
FOS_MOUSE.H10MO.A.bed,0.40326009922,569,1411,39781,2;0;0;0;0;0;0;0;0;0;0;0;0;1;0;0;0;0;0;0;0;0;0;0;0;0;0;1;0;0;0;0;0;1;1;0;0;0;0;4;1;0;0;2;0;2;2;1;2;1;2;1;0;0;1;0;0;0;1;0;0;0;1;0;0;0;0;0;0;2;1;0;0;2;0;2;0;1;0;0;0;0;0;0;0;0;0;1;0;0;0;0;0;0;0;0;0;0;1;1
TYY1_MOUSE.H10MO.A.bed,0.400711877108,4278,10676,42255,1;1;0;0;0;1;0;0;0;0;0;0;0;0;0;0;1;1;0;1;1;0;1;0;0;1;6;2;0;4;2;0;6;6;9;8;6;10;5;13;7;19;14;15;25;17;21;18;23;21;22;28;27;22;27;22;20;16;19;17;12;19;10;11;11;6;12;2;7;6;6;4;1;3;1;2;0;2;2;0;1;1;0;1;0;0;0;0;0;0;0;1;0;0;0;0;0;0;0;1
CEBPZ_MOUSE.H10MO.D.bed,0.399183673469,489,1225,37955,1;0;0;0;0;0;0;0;0;1;1;0;0;0;0;0;0;0;0;0;0;0;0;1;0;1;0;0;0;0;1;1;1;0;0;1;1;1;0;0;1;3;0;2;1;4;2;1;2;0;1;1;2;0;0;0;0;0;0;0;1;0;0;0;0;0;0;0;1;0;0;0;0;0;2;0;1;0;0;0;0;1;0;0;0;2;0;0;0;0;0;0;0;0;0;0;0;0;0;1
RFX1_MOUSE.H10MO.C.bed,0.389233278956,1193,3065,37256,1;1;0;1;0;0;0;0;1;0;0;0;1;0;0;1;0;1;0;1;0;0;0;0;0;0;0;0;2;2;0;0;1;2;2;2;0;5;0;3;1;4;4;2;6;9;5;1;5;7;3;4;4;3;2;2;1;0;4;2;1;3;0;0;1;1;0;0;0;1;0;0;0;0;0;0;0;0;1;0;0;0;0;0;0;1;0;0;1;0;0;2;0;0;0;0;0;0;0;1
ERG_MOUSE.H10MO.A.bed,0.388714733542,124,319,29451,1;0;1;0;0;1;1;1;0;0;0;0;1;1;0;0;0;0;0;0;0;0;0;0;0;0;0;0;0;0;0;0;0;0;0;0;0;0;1;0;0;0;0;0;0;0;0;0;0;0;0;0;0;0;0;0;0;0;0;0;0;0;0;0;0;0;0;0;0;0;0;0;0;0;0;0;0;0;0;0;0;0;0;0;0;0;0;0;0;0;0;0;0;0;0;0;1;0;0;1
FOXI1_MOUSE.H10MO.B.bed,0.387341772152,459,1185,38644,1;0;0;1;0;0;0;1;1;0;1;0;0;0;0;0;0;0;0;0;0;0;0;0;0;0;1;0;0;0;0;0;0;0;0;0;0;1;0;1;0;0;1;2;1;1;0;1;0;1;2;1;1;1;2;0;0;0;0;0;0;0;0;0;0;0;1;0;0;0;0;0;1;1;0;0;1;1;0;0;0;0;0;0;0;0;0;0;0;0;0;0;0;0;1;0;0;0;1;1
KLF4_MOUSE.H10MO.C.bed,0.383878504673,1643,4280,44414,1;0;0;0;0;1;0;0;0;0;1;1;0;0;0;1;0;1;0;0;1;0;1;1;1;0;0;3;1;0;1;0;3;0;0;3;2;3;1;3;2;3;4;3;3;6;11;8;2;4;1;7;3;5;4;6;5;4;5;3;4;0;3;4;2;2;0;0;2;2;2;2;0;2;2;1;2;3;0;2;0;0;0;1;0;0;1;0;0;0;0;0;0;0;0;1;0;0;1;2
SMAD2_MOUSE.H10MO.D.bed,0.380403122451,3265,8583,57074,1;0;0;0;0;0;0;2;1;0;0;1;0;1;0;1;2;0;2;2;1;0;1;1;0;1;3;3;3;5;3;5;3;4;7;5;9;12;11;9;9;15;16;16;11;16;21;18;26;18;27;17;20;20;22;26;13;21;19;12;12;10;12;7;4;5;6;6;0;2;1;4;2;3;2;0;1;2;0;0;0;0;0;0;0;0;0;0;0;0;0;0;0;1;0;0;1;0;0;1
HIF1A_MOUSE.H10MO.A.bed,0.368421052632,77,209,27399,1;0;0;0;0;0;0;0;0;0;0;0;0;1;0;0;0;1;0;0;0;0;0;0;0;0;0;0;0;0;0;1;0;0;0;0;0;0;0;0;0;0;0;0;0;0;0;0;0;0;0;0;0;0;0;0;0;0;0;0;0;0;0;0;0;0;0;0;0;0;0;0;0;0;0;0;0;0;0;0;0;0;0;0;0;0;0;0;0;0;0;0;0;0;0;0;0;0;0;1
PBX3_MOUSE.H10MO.A.bed,0.367722918202,499,1357,45642,1;1;1;0;0;0;2;0;0;0;0;2;0;0;0;1;0;0;0;0;0;0;0;0;0;0;0;0;0;1;0;0;1;0;2;0;1;0;0;0;1;0;1;1;0;1;1;2;3;0;2;2;1;1;0;3;0;0;0;1;1;0;0;1;0;0;0;0;0;0;1;0;0;0;1;0;2;0;0;1;0;1;0;0;1;0;0;1;0;0;0;0;1;0;0;1;0;0;0;3
USF1_MOUSE.H10MO.A.bed,0.365470852018,163,446,29369,1;1;0;0;0;0;0;0;0;0;0;0;0;0;0;0;0;0;0;0;0;0;0;0;0;0;0;0;0;0;0;0;0;0;0;0;0;0;1;0;0;0;0;1;0;0;1;2;0;1;0;0;1;0;0;0;0;0;1;0;0;0;0;0;1;0;0;1;1;0;0;0;0;0;0;0;0;0;0;0;0;1;0;0;0;0;0;0;0;0;0;0;0;0;0;0;0;0;0;1
ZN143_MOUSE.H10MO.D.bed,0.346820809249,600,1730,45656,1;1;0;0;1;0;0;0;0;1;0;0;0;0;0;0;0;0;0;0;0;0;0;0;0;0;0;0;0;0;0;0;0;0;0;1;0;1;0;0;2;1;1;1;0;1;1;2;0;2;1;1;2;5;4;1;2;1;0;0;1;3;0;0;0;1;1;0;0;1;1;1;0;0;0;0;0;0;0;1;1;0;1;0;0;0;0;0;0;1;0;0;0;0;1;0;0;0;1;2
AP2D_MOUSE.H10MO.D.bed,0.344294003868,890,2585,29794,2;0;0;0;0;0;0;0;0;0;0;0;0;0;1;0;0;0;0;1;0;0;0;0;0;0;0;0;1;1;0;0;2;1;1;2;0;3;1;1;0;1;2;1;4;3;0;4;3;2;4;3;3;4;1;2;7;4;2;3;3;2;2;4;1;0;2;1;2;1;0;0;1;2;1;0;1;0;1;0;0;0;0;0;0;0;0;0;0;0;0;0;0;0;0;0;0;1;0;1
MBD2_MOUSE.H10MO.B.bed,0.342352941176,873,2550,29721,1;0;0;0;0;0;0;0;0;0;0;0;0;0;0;0;0;0;2;1;0;0;0;1;0;1;0;0;0;0;1;0;0;1;2;0;0;2;1;2;1;1;3;2;0;0;4;2;1;2;6;2;3;0;2;1;3;2;1;3;5;6;0;1;4;3;1;1;0;1;0;0;0;2;0;1;0;0;0;1;0;0;0;0;0;1;2;0;1;0;0;0;0;0;1;0;0;0;0;1
ZFX_MOUSE.H10MO.C.bed,0.336097434569,2594,7718,43921,1;0;0;0;0;0;0;0;1;0;1;1;0;2;0;0;1;0;0;0;2;4;2;1;0;0;1;1;3;2;2;4;2;0;2;5;3;1;8;6;6;13;8;10;17;7;5;6;12;9;13;11;8;12;5;7;11;9;11;6;1;7;2;5;0;1;5;2;2;2;1;1;1;1;3;5;0;1;1;0;0;0;0;0;0;0;0;1;0;1;0;0;1;0;0;0;0;0;0;1
AP2B_MOUSE.H10MO.B.bed,0.333575581395,459,1376,28786,2;0;0;0;0;0;0;0;0;0;0;0;0;0;0;2;0;0;0;1;0;1;0;0;0;2;0;0;1;1;0;0;1;0;0;0;2;1;2;0;0;2;2;1;2;2;0;1;0;1;0;2;0;2;4;2;0;2;2;0;0;2;0;0;1;0;0;0;0;0;3;0;1;0;1;2;0;0;0;0;0;0;0;0;0;0;1;0;0;0;0;0;0;0;0;0;0;0;0;2
EGR4_MOUSE.H10MO.D.bed,0.333141321045,1735,5208,46788,2;0;1;0;0;0;0;1;0;1;0;0;1;0;1;0;1;0;0;0;0;2;3;3;2;0;1;0;3;2;3;2;1;2;0;6;8;2;2;2;3;3;4;7;7;3;8;5;7;10;3;4;8;4;8;3;11;2;6;5;5;5;3;1;5;2;3;1;1;0;0;0;1;1;1;3;0;3;0;1;0;0;2;1;1;0;1;1;0;0;1;0;1;0;0;0;0;3;1;3
EGR1_MOUSE.H10MO.A.bed,0.331253898939,1062,3206,31758,1;0;0;0;0;0;1;0;0;1;1;1;0;0;0;1;2;0;0;0;1;0;0;1;1;1;0;1;0;1;0;4;2;0;3;0;0;3;2;4;1;4;3;4;2;2;7;1;3;1;2;5;3;2;3;3;2;2;2;1;4;1;0;0;1;0;0;0;2;2;2;1;0;0;0;0;0;0;0;3;1;0;0;0;1;0;0;0;1;0;0;0;0;0;0;0;0;0;0;1
SP1_MOUSE.H10MO.S.bed,0.32179009057,4228,13139,85559,2;0;3;1;1;0;1;3;1;2;1;4;4;3;2;2;2;7;4;2;2;1;4;5;2;5;4;5;6;3;7;3;8;2;4;6;11;16;9;7;9;9;13;9;17;16;22;15;15;10;16;10;18;19;11;17;12;13;14;11;11;8;6;7;7;10;7;5;5;6;1;1;4;4;2;8;3;3;5;2;1;1;0;6;2;3;2;2;3;2;0;0;1;1;2;0;1;6;1;2
EGR2_MOUSE.H10MO.C.bed,0.321361058601,1020,3174,35744,1;0;0;0;0;0;0;1;0;0;0;0;0;1;0;0;1;1;1;0;0;0;1;2;1;0;0;0;0;1;2;1;0;2;0;0;2;5;0;2;1;0;3;4;5;4;2;4;4;1;6;3;3;1;3;2;3;1;3;3;1;2;2;2;3;0;0;0;0;0;0;2;2;1;2;0;0;0;0;0;1;2;1;0;0;1;0;0;0;1;0;0;0;0;1;0;0;0;0;1
E2F2_MOUSE.H10MO.B.bed,0.307692307692,8,26,26004,1;0;0;0;0;0;0;0;0;0;0;0;0;0;0;0;0;0;0;0;0;0;0;0;0;0;0;0;0;0;0;0;0;0;0;0;0;0;0;0;0;0;0;0;1;0;0;0;0;0;0;0;0;0;0;0;0;0;0;0;0;0;0;0;0;0;0;0;0;0;0;0;0;0;0;0;0;0;0;0;1;0;0;0;0;0;0;0;0;0;0;0;0;0;0;0;0;0;0;1
E2F5_MOUSE.H10MO.B.bed,0.305882352941,26,85,26130,1;0;0;0;0;0;0;0;0;0;0;0;0;0;0;0;0;0;0;0;0;0;0;0;0;0;0;0;0;0;0;0;0;0;0;0;0;0;0;0;0;0;0;0;0;0;0;0;0;0;0;0;0;0;0;1;0;0;0;0;0;0;0;1;0;0;0;0;0;0;0;0;0;0;0;0;0;1;0;0;0;0;0;0;0;0;0;0;0;0;0;0;0;0;0;0;0;0;0;1
HINFP_MOUSE.H10MO.C.bed,0.304347826087,21,69,27034,1;0;0;0;0;0;0;0;0;0;0;0;0;0;0;0;0;0;0;0;0;0;0;0;0;0;0;0;0;0;0;0;0;0;1;0;0;0;0;0;0;0;0;0;0;0;0;0;0;0;0;0;0;0;0;0;0;0;0;0;0;0;0;0;0;0;0;0;0;0;0;0;0;0;0;0;0;0;0;0;0;0;0;0;0;0;0;0;0;0;0;0;0;0;0;0;0;0;0;1
SP4_MOUSE.H10MO.D.bed,0.301949169207,24569,81368,404181,13;2;14;10;6;9;26;17;22;4;15;31;17;18;10;10;2;25;12;9;23;9;22;44;13;23;26;30;12;43;47;37;57;54;51;28;52;82;40;75;68;69;100;84;128;116;134;62;146;133;129;127;125;143;147;121;118;121;71;64;103;66;64;75;99;52;67;57;65;51;37;33;45;48;48;39;40;40;46;32;18;11;8;18;15;29;14;8;3;10;17;8;8;19;10;3;8;16;6;13
BMAL1_MOUSE.H10MO.C.bed,0.296564195298,164,553,30456,1;0;0;0;0;1;0;0;0;0;0;0;0;0;0;0;0;0;0;0;0;0;0;0;0;0;0;0;1;0;1;0;0;0;0;0;0;0;0;0;0;0;0;0;0;0;0;0;0;0;0;0;0;2;0;1;1;1;0;0;0;2;0;0;0;1;0;0;0;0;0;0;0;0;0;0;0;0;0;2;0;0;0;0;0;1;0;0;0;0;0;0;0;1;0;0;0;0;0;1
PAX5_MOUSE.H10MO.D.bed,0.291111111111,262,900,32784,1;0;1;0;0;1;0;1;0;0;0;0;0;0;1;0;0;0;0;0;1;0;0;0;0;0;1;0;1;0;0;1;0;0;0;0;0;1;0;0;0;0;0;3;0;0;0;0;1;0;0;0;0;0;0;1;0;1;0;0;1;0;0;0;0;1;0;0;0;1;0;0;0;1;0;0;0;0;0;0;0;2;0;0;1;0;0;0;0;0;0;0;0;0;0;0;0;0;0;1
E2F4_MOUSE.H10MO.C.bed,0.278188942098,639,2297,34322,1;0;0;0;0;0;0;1;0;1;0;0;0;0;0;0;0;0;0;0;1;2;0;0;0;2;1;0;0;0;1;1;0;0;0;2;2;3;1;1;2;3;2;4;2;1;1;4;3;4;4;4;1;3;3;2;1;1;1;1;1;0;0;0;0;1;0;1;0;0;1;2;2;1;1;1;0;0;1;1;0;0;0;0;0;0;0;2;1;0;0;0;0;0;0;0;1;0;0;1
MXI1_MOUSE.H10MO.C.bed,0.273708558211,355,1297,33464,1;0;0;0;0;0;0;0;0;0;0;0;0;0;0;0;0;0;0;1;0;0;0;0;0;0;0;0;0;0;1;0;1;0;0;1;0;0;0;0;0;2;1;0;0;1;1;0;2;1;1;0;1;0;2;0;3;1;0;2;0;0;0;1;2;1;0;0;0;0;1;0;0;1;0;0;2;0;1;1;0;1;1;0;0;1;1;0;1;1;0;0;1;0;0;1;0;0;0;1
MAFA_MOUSE.H10MO.D.bed,0.270795385549,446,1647,39346,1;0;0;0;0;0;0;0;0;0;0;0;0;0;0;0;0;2;0;2;0;0;0;0;0;0;0;0;0;0;2;0;1;0;0;0;1;0;0;2;0;1;0;0;2;0;3;7;1;1;0;1;1;2;2;1;3;3;0;0;1;4;4;0;4;1;2;0;1;2;0;2;1;0;0;0;0;2;1;0;1;0;0;0;0;0;0;0;0;0;0;1;2;0;1;1;1;0;0;1
MTF1_MOUSE.H10MO.C.bed,0.27,81,300,29141,1;0;1;0;0;0;0;0;0;0;0;0;0;1;0;0;0;1;0;0;0;0;0;1;0;0;0;0;0;0;0;0;0;1;0;0;0;0;0;0;0;0;1;1;0;0;2;1;1;0;0;0;0;0;0;0;0;0;0;0;0;1;0;0;0;0;0;0;0;0;0;0;0;0;0;0;0;0;0;0;0;0;0;0;0;0;0;0;0;0;1;0;0;0;0;0;0;0;1;1
PAX6_MOUSE.H10MO.D.bed,0.263157894737,15,57,27901,1;0;0;0;0;0;0;0;0;0;0;0;0;0;0;0;0;0;0;0;0;0;0;0;0;0;0;0;0;0;0;0;0;0;0;0;0;0;0;0;0;0;0;0;0;0;0;0;0;0;0;0;0;0;0;0;0;0;0;0;0;0;0;0;0;0;0;0;0;0;0;0;0;0;0;0;0;0;0;0;0;0;0;0;0;0;0;0;0;0;0;0;0;0;0;0;0;0;0;1
E2F6_MOUSE.H10MO.A.bed,0.263001974984,799,3038,37010,1;0;0;0;0;0;1;0;1;0;0;0;2;2;1;0;0;2;0;0;0;1;2;0;0;1;0;0;1;0;0;1;0;0;1;1;4;1;1;5;0;1;2;6;1;1;4;3;4;1;4;4;0;1;4;2;4;1;1;2;0;2;3;0;1;0;0;0;2;0;1;3;3;0;0;4;0;1;1;1;0;0;0;0;0;0;0;2;0;1;0;0;0;0;0;0;1;1;0;2
HEN1_MOUSE.H10MO.C.bed,0.259118127382,476,1837,38549,1;0;0;0;0;0;0;0;1;0;0;0;0;0;0;1;1;0;0;0;0;0;1;0;0;0;0;1;0;1;1;0;2;0;1;1;0;2;4;1;0;2;1;1;3;1;0;1;0;1;1;1;1;4;0;3;0;4;1;0;2;0;0;2;2;0;2;0;0;1;1;0;0;1;1;0;0;0;0;0;0;0;0;0;0;2;0;1;0;0;0;0;1;0;0;0;0;0;0;1
ETS2_MOUSE.H10MO.C.bed,0.258368200837,247,956,35768,1;0;0;0;0;0;0;0;1;0;0;0;0;0;0;0;0;0;0;0;0;0;0;0;0;0;0;0;0;2;0;0;0;0;0;0;0;0;0;0;0;0;0;0;0;0;1;1;0;2;0;0;2;1;0;1;1;0;0;1;0;1;0;1;0;0;1;0;0;1;0;0;0;1;0;0;1;0;1;1;0;1;0;1;0;0;0;0;0;0;2;1;0;1;0;0;0;0;1;1
HES1_MOUSE.H10MO.D.bed,0.255033557047,114,447,28498,1;0;0;0;0;0;0;0;0;0;0;0;0;0;0;0;0;0;0;1;0;0;0;0;0;0;0;0;0;0;0;0;0;0;0;0;0;0;0;0;0;0;1;0;0;0;0;1;0;0;0;0;0;0;0;0;1;0;1;0;0;0;0;1;0;0;0;0;0;0;0;0;0;0;0;0;0;0;0;0;0;0;0;0;0;0;1;0;0;0;0;0;0;0;0;0;0;0;0;1
HEY2_MOUSE.H10MO.D.bed,0.251762336354,250,993,31941,1;0;1;0;1;0;0;0;0;1;0;1;0;0;0;0;0;0;0;0;0;0;0;0;0;0;1;0;0;0;2;0;0;0;0;0;2;1;0;0;2;0;1;1;1;0;1;1;1;2;0;2;0;0;1;1;0;0;2;0;0;0;2;0;1;2;1;0;0;0;0;0;0;0;0;0;0;0;0;0;0;1;0;1;0;1;0;0;0;0;0;0;0;0;0;0;0;0;1;1
E2F3_MOUSE.H10MO.B.bed,0.25,10,40,24919,0;0;0;0;0;0;0;0;0;0;0;0;0;0;0;0;0;0;0;0;0;0;0;0;0;0;0;0;0;0;0;0;0;0;0;0;0;0;0;0;0;0;0;0;0;0;0;0;0;0;0;0;0;0;0;0;0;0;0;0;0;0;0;0;0;0;0;0;0;0;0;0;0;0;0;0;0;0;0;0;0;0;0;0;0;0;0;0;0;0;0;0;0;0;0;0;0;0;0;0
MAX_MOUSE.H10MO.A.bed,0.245019920319,123,502,30567,1;0;0;0;0;0;0;0;0;1;0;0;0;0;0;0;0;0;0;0;0;0;0;0;0;1;0;0;0;1;0;0;1;0;0;0;0;0;0;0;0;0;0;0;0;0;0;0;0;0;0;1;0;0;0;0;0;0;0;0;0;0;0;0;0;0;0;1;0;0;0;1;0;0;0;0;0;0;0;0;1;0;0;0;0;1;0;0;0;0;0;1;0;0;0;0;0;0;0;1
OLIG2_MOUSE.H10MO.B.bed,0.241445783133,501,2075,49995,2;0;0;0;0;1;0;0;0;1;1;1;2;0;0;1;0;1;0;1;0;2;0;1;2;1;1;1;1;1;0;2;2;1;2;0;0;1;3;1;0;0;3;0;4;1;1;2;3;0;1;4;5;0;1;0;1;1;1;2;1;0;1;1;2;0;0;0;0;0;0;0;1;1;1;0;0;0;2;0;0;0;0;1;1;0;0;0;0;0;0;2;0;1;0;0;0;2;0;1
E2F1_MOUSE.H10MO.A.bed,0.234432234432,128,546,28997,1;0;0;0;0;0;0;0;0;0;0;0;0;0;0;0;1;0;0;0;1;0;0;0;0;1;0;0;0;0;0;0;1;0;0;0;0;0;0;0;0;0;0;0;1;0;0;0;0;0;0;0;0;0;0;0;0;0;0;0;0;0;0;1;0;0;0;0;0;1;0;0;0;0;0;0;0;0;0;0;0;0;1;0;0;0;0;0;0;0;0;0;0;0;0;0;0;0;0;1
SP3_MOUSE.H10MO.B.bed,0.234329605604,11776,50254,479984,11;7;28;13;14;14;18;12;16;14;13;19;32;18;9;14;3;19;7;5;17;11;23;47;12;24;18;22;14;25;35;19;28;27;31;31;35;54;27;48;44;37;48;38;60;57;60;53;75;46;63;48;59;72;57;55;44;53;37;35;42;29;40;41;62;32;37;50;44;20;18;20;34;29;41;22;25;30;29;21;6;9;7;29;8;26;10;15;5;12;12;15;14;18;4;17;24;11;7;5
SP1_MOUSE.H10MO.A.bed,0.23403921158,8941,38203,385357,7;8;17;8;10;15;12;13;9;6;12;10;23;12;8;13;3;15;7;5;7;8;16;34;8;19;13;19;8;27;28;15;23;22;26;21;22;42;21;32;35;32;33;19;36;47;43;39;48;36;41;35;42;54;44;48;37;37;31;25;33;27;34;33;41;21;22;31;30;17;6;16;27;21;30;23;18;24;25;12;8;10;9;20;10;18;9;13;4;8;6;10;13;15;6;13;15;7;4;9
KAISO_MOUSE.H10MO.B.bed,0.23311546841,107,459,30372,1;0;0;0;0;0;0;1;0;0;0;1;0;0;0;0;0;0;0;0;0;0;1;0;0;0;0;1;0;1;0;0;1;0;0;1;0;0;0;0;0;0;0;1;0;0;0;0;0;0;0;0;0;0;0;0;0;0;0;0;0;0;0;0;0;0;0;0;1;0;0;0;0;0;0;0;0;0;0;0;0;0;0;0;0;0;0;0;0;0;0;0;1;0;0;0;0;0;1;1
EHF_MOUSE.H10MO.A.bed,0.231308411215,99,428,32198,1;0;0;0;0;0;0;0;0;0;0;0;0;0;0;0;1;1;0;0;0;0;1;0;0;0;1;0;0;0;0;0;1;0;0;0;0;0;0;0;0;0;0;1;0;0;0;0;0;0;0;0;0;1;1;1;0;0;0;0;0;0;0;0;0;0;0;0;0;0;0;0;0;0;0;0;0;0;0;0;0;1;0;0;0;0;0;0;0;0;0;0;0;0;0;0;0;0;0;1
RFX3_MOUSE.H10MO.B.bed,0.230532786885,225,976,40597,1;0;1;0;0;1;2;1;0;1;0;0;1;0;0;0;0;0;0;0;0;0;0;0;0;0;0;0;0;0;0;0;0;0;0;0;1;0;0;0;0;1;0;0;0;0;1;2;0;0;1;2;1;0;0;1;2;0;1;0;0;0;1;0;0;0;1;0;1;0;0;0;0;0;0;0;0;1;0;1;0;0;1;0;0;0;0;0;0;0;2;0;0;1;0;0;0;0;0;1
REST_MOUSE.H10MO.A.bed,0.227607361963,371,1630,41277,1;2;0;0;0;0;0;0;0;1;0;0;0;1;0;1;0;0;0;0;1;1;0;0;0;0;0;0;0;0;0;0;0;0;0;0;0;1;1;2;2;1;1;0;0;0;0;0;0;0;0;0;1;1;2;0;1;0;0;0;0;2;1;1;1;1;0;2;0;1;0;0;1;2;1;2;0;0;0;0;0;2;2;0;0;0;0;0;0;0;0;1;1;1;1;0;2;0;0;2
ELK3_MOUSE.H10MO.D.bed,0.225955967555,195,863,37343,1;0;1;0;0;0;0;0;0;0;0;0;1;0;0;0;1;0;0;1;0;0;0;0;1;0;0;0;1;0;0;0;0;0;0;0;0;1;0;0;0;1;1;0;0;0;1;0;0;0;1;1;0;0;1;1;0;1;0;0;0;0;1;0;1;0;1;0;0;0;0;0;1;0;0;0;0;0;0;0;0;0;0;0;0;0;0;0;0;1;1;0;0;0;1;0;0;1;0;1
YBOX1_MOUSE.H10MO.D.bed,0.225165562914,68,302,30008,1;0;0;0;0;0;0;0;0;0;0;0;0;0;0;1;0;0;0;0;0;0;0;0;0;0;0;0;0;0;0;0;0;0;0;0;0;0;0;0;0;0;0;0;0;0;0;0;0;0;0;0;0;1;0;0;0;1;0;0;0;0;0;0;1;0;0;0;0;0;0;0;0;0;0;0;0;0;0;0;0;0;0;0;0;0;1;0;0;0;0;0;0;0;0;0;0;0;0;1
MYOD1_MOUSE.H10MO.C.bed,0.225126475548,534,2372,48657,1;1;0;0;0;1;0;1;0;0;0;1;2;0;2;0;1;0;2;1;2;1;1;0;1;2;0;0;1;0;1;1;1;0;0;0;1;2;2;2;1;1;3;0;3;6;3;2;0;2;5;5;3;5;1;1;1;2;3;1;1;2;2;1;1;1;0;0;1;1;0;2;3;1;2;4;2;1;0;0;2;0;0;0;2;1;0;0;0;1;1;0;0;0;1;0;1;0;1;2
RFX2_MOUSE.H10MO.C.bed,0.224371373308,116,517,33591,1;0;0;0;0;0;0;1;0;0;1;0;0;0;0;0;0;1;0;0;0;0;0;0;0;0;0;0;0;0;0;0;0;0;0;0;0;0;0;0;0;0;0;0;1;0;0;1;0;0;1;1;0;0;0;0;0;1;0;0;0;1;0;0;0;0;0;0;0;0;1;0;0;0;0;0;0;0;0;0;0;1;0;0;0;0;0;0;0;1;0;0;0;0;0;0;0;2;0;1
WT1_MOUSE.H10MO.D.bed,0.217103054716,2587,11916,118171,3;1;2;3;4;3;3;1;3;5;1;4;7;4;6;4;1;3;4;1;5;1;4;6;2;8;3;5;5;4;8;2;7;8;6;5;9;10;4;8;7;7;6;9;10;12;15;9;16;10;21;10;9;10;13;9;9;9;11;11;12;8;9;4;11;8;9;7;11;4;2;0;5;8;5;1;7;9;7;3;5;5;2;2;5;5;1;2;2;5;2;7;2;2;5;1;2;5;3;3
TFCP2_MOUSE.H10MO.D.bed,0.212301587302,214,1008,37641,1;0;0;0;0;0;0;0;0;0;0;0;0;0;0;0;0;0;0;0;0;1;0;1;0;1;0;0;1;0;0;0;1;0;0;0;1;1;1;0;3;2;0;1;1;0;2;0;1;2;0;1;0;1;2;1;0;0;0;0;0;0;0;1;0;0;2;0;1;0;0;0;0;1;0;0;0;0;0;1;0;0;0;0;0;0;0;0;0;0;0;2;0;0;0;0;0;0;0;1
ZBTB6_MOUSE.H10MO.D.bed,0.208737864078,86,412,31972,2;0;0;1;0;1;0;0;0;0;0;1;0;0;1;0;0;0;0;0;1;1;0;0;0;0;0;0;1;0;0;1;0;0;0;0;0;0;0;0;0;0;0;0;0;0;1;0;0;0;0;0;0;0;1;0;0;0;0;0;0;0;0;0;0;0;2;0;0;0;1;0;0;0;0;2;0;0;0;0;0;0;0;0;0;0;0;0;0;0;0;0;0;0;0;0;0;0;0;1
TFDP1_MOUSE.H10MO.D.bed,0.204545454545,45,220,28094,1;0;0;0;0;0;0;0;0;0;0;0;0;0;0;0;0;0;0;0;0;0;0;0;0;0;0;0;0;0;0;0;0;0;0;0;0;0;0;0;0;0;0;0;0;0;0;0;0;0;0;0;0;0;0;0;0;0;0;0;0;0;1;0;0;0;0;0;0;0;0;0;0;0;0;0;0;0;0;0;0;0;0;0;0;0;0;0;0;0;0;0;0;0;0;0;0;0;0;1
E2F7_MOUSE.H10MO.D.bed,0.2,16,80,27203,1;0;0;0;0;0;0;0;0;0;0;0;0;0;0;0;0;0;0;0;0;0;0;0;0;0;0;0;0;0;0;0;0;0;0;0;0;0;0;0;0;0;0;0;0;0;0;0;0;0;0;0;0;0;0;0;0;0;0;0;0;0;0;0;0;0;0;0;0;0;0;0;0;0;0;0;0;0;0;0;0;0;0;0;0;0;0;0;0;0;0;0;0;0;0;0;0;0;0;1
TLX1_MOUSE.H10MO.S.bed,0.198412698413,75,378,30974,1;0;1;0;0;0;0;0;0;0;1;0;0;0;0;0;0;0;1;0;0;0;0;0;0;0;0;0;0;0;0;0;1;0;0;0;0;0;0;0;0;0;0;1;0;0;0;0;0;1;0;0;0;0;0;0;0;0;0;0;0;0;0;0;0;0;0;0;1;0;0;0;0;0;0;0;0;0;1;0;0;1;0;0;0;0;0;0;1;0;0;0;0;0;0;0;0;0;0;1
ATOH1_MOUSE.H10MO.C.bed,0.198338525441,191,963,41315,1;1;0;0;0;0;0;0;0;0;1;1;0;0;1;0;0;0;0;1;0;1;1;0;0;1;0;0;0;0;0;0;1;0;0;2;1;0;0;0;0;1;1;1;0;1;1;0;0;1;2;0;0;0;0;0;1;1;0;1;0;0;0;0;0;0;1;0;0;0;0;0;0;1;1;0;0;2;0;0;2;1;0;0;0;0;0;0;1;0;0;0;0;2;0;1;0;0;1;1
MLXPL_MOUSE.H10MO.D.bed,0.197701149425,86,435,31812,1;0;0;0;0;0;0;1;0;0;0;0;0;0;0;0;0;0;0;0;0;0;0;0;0;0;0;1;0;0;0;0;0;0;0;0;0;0;0;0;1;0;1;0;0;0;0;0;0;0;0;1;0;0;0;0;1;0;0;0;0;0;0;1;0;0;2;0;0;0;0;0;0;0;0;0;0;0;0;1;0;0;0;0;0;0;0;0;0;0;0;0;0;0;0;1;0;0;0;1
ZBT7A_MOUSE.H10MO.D.bed,0.195652173913,234,1196,36028,1;0;2;1;0;0;0;0;0;1;0;0;0;1;1;0;0;0;0;0;0;2;0;2;0;0;0;0;1;0;0;0;0;0;0;0;0;0;0;0;0;2;1;0;1;1;0;2;3;1;2;1;0;0;0;1;1;0;0;1;2;1;2;0;1;1;1;0;3;0;0;0;0;1;0;0;1;1;1;0;0;0;0;0;0;0;1;1;1;1;0;0;1;0;1;0;0;0;0;3
P73_MOUSE.H10MO.D.bed,0.195286195286,174,891,35830,2;0;0;0;1;0;0;0;0;0;0;0;2;1;0;0;0;0;0;0;1;0;0;0;1;0;0;0;0;0;0;0;0;0;0;1;0;1;0;0;1;2;0;1;0;0;0;0;1;0;1;1;0;0;0;0;0;1;0;0;0;0;0;0;1;0;1;1;1;0;0;0;0;0;0;0;0;0;0;0;1;0;0;1;0;0;0;0;0;0;0;1;0;0;1;0;0;0;1;1
NFYA_MOUSE.H10MO.D.bed,0.191123836793,267,1397,45331,1;0;0;0;1;0;0;0;1;1;0;0;0;0;1;0;0;0;0;1;1;0;0;0;0;0;0;0;1;0;0;0;0;0;0;0;0;0;0;0;1;1;1;0;0;0;0;0;0;0;1;0;1;1;1;0;2;1;1;1;2;1;0;0;0;0;0;1;0;0;1;0;0;0;0;0;0;1;0;0;0;0;0;0;0;0;0;0;0;0;0;0;0;1;0;1;0;0;0;1
ZN423_MOUSE.H10MO.D.bed,0.1828125,117,640,33662,1;0;0;0;0;0;1;0;0;0;0;0;0;0;1;0;0;0;0;0;0;0;0;0;0;0;0;0;0;0;1;0;0;0;0;0;0;0;0;0;0;0;0;0;0;1;1;0;0;1;0;0;1;0;0;0;1;0;0;0;0;0;0;0;0;0;0;0;1;1;0;0;0;1;1;0;0;0;0;0;0;0;0;0;0;0;0;0;0;0;0;0;0;0;0;0;0;0;0;1
HESX1_MOUSE.H10MO.D.bed,0.179372197309,40,223,29257,1;0;0;0;0;0;0;0;0;0;0;0;0;0;0;0;0;0;0;0;0;0;0;0;0;0;0;0;0;0;0;0;0;0;0;1;0;1;0;0;0;0;0;0;0;0;0;0;1;0;0;0;0;0;0;0;0;0;1;0;0;0;0;0;0;0;0;0;1;0;0;0;0;1;0;0;0;0;0;0;0;0;0;0;0;0;0;0;0;0;1;0;0;0;0;0;0;0;0;1
TWST1_MOUSE.H10MO.D.bed,0.179300291545,123,686,42697,1;0;0;0;1;0;0;1;0;0;0;0;0;0;0;0;0;0;0;0;1;0;1;0;0;0;0;1;0;1;0;0;0;0;0;0;0;0;0;0;0;0;0;0;0;1;0;2;1;0;0;0;0;1;1;1;0;0;0;0;0;0;0;0;0;0;0;1;0;0;0;0;1;0;0;0;0;0;0;0;0;0;0;0;0;1;0;0;0;0;0;1;0;0;0;2;0;0;1;1
HTF4_MOUSE.H10MO.C.bed,0.178698224852,151,845,39640,1;0;0;0;0;0;0;1;0;0;0;0;1;1;0;0;0;0;0;0;0;0;0;1;1;0;0;1;0;0;0;0;0;0;0;0;0;0;1;0;2;0;0;0;1;0;0;0;1;0;0;2;1;0;0;0;0;1;0;0;0;0;1;1;0;0;0;2;0;0;0;0;0;0;2;2;0;0;0;0;0;0;0;0;0;0;0;0;0;1;0;0;0;1;2;0;2;0;0;1
ZEP2_MOUSE.H10MO.D.bed,0.178423236515,86,482,30713,1;0;0;0;0;0;1;0;0;0;0;0;0;0;0;0;0;2;0;1;0;0;0;0;1;1;0;0;0;0;0;0;0;0;0;0;0;0;0;0;0;0;0;0;0;0;0;0;0;1;0;1;0;1;0;0;0;0;0;0;0;0;0;0;0;0;0;0;0;1;0;0;0;0;1;0;1;0;0;0;0;1;0;0;0;0;0;0;0;1;0;0;0;0;0;0;0;0;0;1
MYOG_MOUSE.H10MO.C.bed,0.178033022254,248,1393,45624,1;0;0;0;1;0;0;0;0;0;2;1;0;0;0;1;1;0;0;0;0;0;0;0;0;1;0;1;0;0;0;0;0;0;0;0;1;1;1;0;1;2;1;0;2;0;1;1;2;1;2;0;2;2;1;0;1;0;1;0;0;0;0;0;1;0;0;0;2;0;0;0;0;1;2;3;1;0;0;0;2;0;1;1;0;0;0;0;0;1;0;0;0;0;1;0;1;0;0;1
NFE2_MOUSE.H10MO.A.bed,0.177464788732,126,710,41120,1;0;0;0;0;0;1;0;0;0;0;0;0;0;0;0;0;0;0;0;0;0;0;1;0;0;0;1;1;1;0;0;0;0;2;1;1;1;1;0;0;0;0;0;0;1;0;0;0;0;0;0;0;0;0;1;0;0;0;0;0;1;0;0;0;0;0;1;0;0;0;2;0;0;0;1;0;0;0;0;0;0;0;0;0;2;0;0;0;1;0;0;0;0;1;0;0;0;0;1
GCM1_MOUSE.H10MO.D.bed,0.176991150442,20,113,28193,1;0;0;0;0;0;0;0;0;0;0;0;0;0;0;0;0;0;0;0;0;0;0;0;0;0;0;0;0;0;0;0;0;0;0;0;0;0;0;0;0;0;0;0;0;0;0;0;0;0;0;0;0;0;0;0;0;0;0;0;0;0;0;0;0;0;0;0;0;0;0;0;0;0;0;0;0;0;0;1;0;0;0;1;0;0;0;0;0;0;0;0;0;0;0;0;0;0;0;1
INSM1_MOUSE.H10MO.C.bed,0.176712328767,129,730,33972,1;0;0;0;1;0;0;1;0;0;0;1;0;1;0;0;0;0;0;1;2;0;0;0;0;0;1;0;0;0;0;0;0;0;1;1;0;0;0;0;0;0;0;1;0;0;0;1;0;0;0;0;0;0;0;0;1;0;0;0;0;0;0;0;0;1;0;0;0;1;0;0;0;0;1;0;0;0;0;0;1;0;0;0;0;0;0;0;0;1;0;0;0;0;1;0;0;0;0;1
NKX21_MOUSE.H10MO.D.bed,0.176334106729,76,431,33083,1;0;0;0;0;1;0;0;1;0;0;0;0;0;0;0;0;0;1;0;0;0;0;0;0;1;0;0;0;0;0;0;0;0;0;0;0;0;0;0;0;0;0;0;1;1;0;0;0;0;0;0;0;0;0;0;0;0;0;0;0;0;0;0;0;0;0;0;0;0;1;0;0;0;0;0;0;0;0;0;1;0;0;0;0;1;0;0;0;0;0;0;0;0;0;0;0;0;0;1
SOX2_MOUSE.H10MO.A.bed,0.174940898345,74,423,37120,1;0;0;0;0;1;0;1;1;0;0;0;1;0;0;0;0;0;1;0;1;0;0;0;0;1;0;0;0;0;0;0;0;0;0;0;0;0;0;0;0;0;0;0;0;0;0;0;0;0;0;0;0;1;1;1;1;0;1;0;0;0;0;0;0;0;1;0;0;0;0;0;0;0;0;0;0;0;0;0;0;1;0;0;0;0;0;0;0;0;0;0;0;0;0;0;0;0;0;1
TF2L1_MOUSE.H10MO.C.bed,0.174135723431,136,781,34063,1;0;0;0;0;0;1;0;0;0;0;0;0;0;0;0;0;0;0;0;0;0;1;0;0;0;0;0;0;0;0;0;0;0;1;0;0;1;0;0;1;1;0;0;0;0;0;0;1;0;2;0;1;0;0;0;1;1;1;2;0;0;0;0;0;0;0;0;0;0;0;1;0;0;1;0;0;0;0;0;1;0;0;0;0;1;0;0;0;2;0;0;0;0;0;0;0;0;0;1
FOSL1_MOUSE.H10MO.C.bed,0.174061433447,51,293,31965,2;0;0;0;0;0;1;0;0;0;0;0;1;0;0;0;0;0;0;0;0;0;0;1;0;0;0;0;0;0;1;0;0;0;0;0;0;0;0;0;1;0;1;0;0;0;0;0;0;0;0;0;0;1;1;0;0;0;1;0;0;0;0;0;0;0;0;0;0;0;0;0;0;0;0;0;0;0;0;0;0;0;0;0;0;1;0;0;0;0;0;0;0;0;0;0;0;0;0;1
GLIS3_MOUSE.H10MO.D.bed,0.17264957265,101,585,30662,1;0;0;0;1;0;0;0;0;0;0;0;1;0;0;0;0;0;1;0;0;0;0;1;0;0;0;0;1;0;0;0;0;1;0;0;0;0;0;1;1;0;0;0;1;0;0;0;1;0;0;0;0;0;0;0;1;0;0;0;1;0;0;0;0;0;1;0;0;0;0;0;0;1;0;0;1;0;0;0;0;0;0;0;0;0;1;1;0;0;0;0;0;0;0;0;0;1;1;1
PAX8_MOUSE.H10MO.D.bed,0.171673819742,40,233,29836,1;0;0;0;0;0;0;0;0;1;0;0;0;1;0;0;0;0;0;0;0;0;0;0;0;0;0;0;0;0;0;0;0;0;1;0;0;0;1;0;0;0;0;0;0;0;0;0;0;0;0;0;0;0;0;0;0;0;0;0;0;0;0;0;0;0;0;0;1;0;0;1;0;0;0;0;0;0;0;0;0;0;0;0;0;0;0;0;0;0;0;0;0;0;0;1;0;0;0;1
NANOG_MOUSE.H10MO.A.bed,0.16935483871,105,620,42264,1;0;0;0;0;0;0;0;2;0;0;0;0;0;0;1;0;0;1;0;2;0;0;0;0;0;2;0;0;1;0;0;1;0;0;0;0;1;0;0;0;0;0;1;0;0;0;1;0;1;1;2;2;1;1;0;1;0;0;0;0;0;0;0;0;1;0;1;0;0;0;0;1;0;0;0;1;0;2;0;0;1;1;1;0;0;0;0;0;0;0;0;0;0;0;0;0;1;0;1
KLF1_MOUSE.H10MO.C.bed,0.167639257294,316,1885,47868,2;2;0;1;1;0;0;1;1;0;0;0;1;1;0;0;1;0;0;0;0;0;0;2;0;2;1;1;0;0;0;0;1;2;1;0;1;0;2;2;1;0;0;1;2;6;2;3;2;0;0;1;0;0;2;1;0;0;1;2;2;0;0;1;1;2;1;0;0;2;0;0;0;2;2;0;0;1;0;1;0;1;1;1;0;0;0;0;1;0;0;0;0;0;0;1;1;1;1;1
STAT3_MOUSE.H10MO.B.bed,0.165898617512,108,651,36208,1;0;0;0;0;0;0;0;0;0;0;1;0;0;0;0;0;0;0;0;0;1;0;0;0;0;0;0;0;1;0;0;0;0;0;0;0;0;1;0;0;0;0;0;0;0;0;0;0;0;0;0;1;0;1;0;0;0;0;0;0;0;0;0;1;0;0;0;0;0;0;0;0;0;0;0;0;0;0;0;0;0;0;0;0;0;0;0;0;0;0;1;0;0;0;0;0;0;0;2
EGR3_MOUSE.H10MO.D.bed,0.162849872774,64,393,33029,1;0;0;0;0;0;0;0;0;0;0;0;0;0;1;0;0;0;0;0;0;0;1;0;0;0;0;0;0;0;0;0;0;0;1;0;0;2;0;1;0;0;0;1;0;0;0;0;0;0;0;0;0;0;0;0;0;0;0;1;0;0;0;1;0;0;0;1;0;0;0;0;1;0;0;0;0;0;0;0;0;0;0;0;0;0;0;0;0;0;0;0;0;0;0;0;0;0;0;1
NFIA_MOUSE.H10MO.C.bed,0.162790697674,91,559,35431,1;0;1;1;0;0;0;0;1;0;0;0;0;0;0;0;0;0;0;0;0;1;1;0;0;0;1;0;0;0;0;0;0;1;0;0;0;0;0;0;1;0;0;0;0;0;0;1;0;0;0;0;0;0;0;0;1;0;0;0;2;0;1;1;0;0;0;0;0;0;0;0;0;0;0;0;1;0;0;0;0;0;0;0;1;0;0;0;1;0;0;0;0;0;2;0;0;0;0;1
ELF2_MOUSE.H10MO.C.bed,0.161403508772,138,855,42474,2;1;0;0;0;0;0;0;1;0;0;0;0;0;2;0;0;3;0;1;0;0;0;0;0;0;0;1;0;0;1;1;0;1;0;1;0;0;0;0;0;0;0;3;0;0;2;0;0;0;1;1;0;0;1;0;0;0;0;0;0;1;0;0;0;0;1;1;0;0;0;1;0;0;0;1;0;0;0;0;1;0;0;1;1;0;1;0;0;0;2;0;0;0;0;0;0;0;0;1
ENOA_MOUSE.H10MO.A.bed,0.159851301115,86,538,32640,1;0;0;0;0;0;0;0;0;0;0;0;0;0;0;0;0;0;0;0;0;0;0;0;0;0;0;0;0;0;0;0;0;0;0;0;0;0;0;1;0;0;1;0;0;0;0;0;0;0;0;0;0;0;0;0;0;1;0;0;0;0;0;0;0;0;0;0;0;0;1;0;0;0;0;0;1;0;0;0;0;0;0;1;0;1;0;0;1;0;0;0;0;0;0;0;0;0;0;1
MAFK_MOUSE.H10MO.A.bed,0.155339805825,144,927,42566,1;0;0;0;0;0;0;0;1;0;0;1;0;0;1;0;0;0;1;0;0;0;0;1;0;0;1;1;0;0;0;1;0;1;0;2;0;0;0;1;0;0;1;0;1;1;0;0;2;1;1;0;1;3;0;0;1;0;0;0;1;1;0;0;0;0;0;0;0;1;0;0;0;0;1;0;0;0;3;0;0;0;0;0;0;1;0;0;0;3;0;0;1;1;1;1;0;0;0;2
TLX1_MOUSE.H10MO.D.bed,0.154488517745,74,479,33487,1;0;0;1;0;0;0;0;0;0;0;0;0;0;0;0;0;0;0;0;0;0;0;0;0;0;0;0;1;0;0;0;0;1;0;0;0;0;0;0;0;1;0;0;1;0;0;0;0;1;0;0;1;1;0;1;1;0;1;0;0;1;0;1;0;0;0;0;0;0;0;0;0;0;0;0;1;0;0;0;0;0;1;0;0;0;0;0;0;0;0;0;0;0;0;0;0;0;0;2
NFKB1_MOUSE.H10MO.B.bed,0.154264972777,85,551,33375,1;1;0;0;1;0;0;0;1;0;0;0;0;0;0;1;0;0;0;0;0;0;0;0;0;0;0;0;0;0;0;0;0;1;2;0;0;1;0;0;0;0;0;0;1;0;0;0;0;1;0;1;0;0;0;0;1;0;0;0;0;0;1;0;0;0;0;0;0;0;0;0;0;1;1;0;1;0;0;0;0;0;0;0;1;0;0;0;0;0;0;0;0;0;0;1;0;0;0;1
CEBPD_MOUSE.H10MO.B.bed,0.153846153846,6,39,27759,0;0;0;0;0;0;0;0;0;0;0;0;0;0;0;0;0;0;0;0;0;0;0;0;0;0;0;0;0;0;0;0;0;0;0;0;0;0;0;0;0;0;0;0;0;0;0;0;0;0;1;0;0;0;0;0;0;0;0;0;0;0;0;0;0;0;0;0;0;0;0;0;0;0;0;0;0;0;0;0;0;0;0;0;0;0;0;0;0;0;0;0;0;0;0;0;0;0;0;0
SRF_MOUSE.H10MO.A.bed,0.152173913043,42,276,32284,1;0;0;0;0;0;0;0;1;0;0;0;0;0;0;0;0;1;0;1;0;0;0;0;0;0;0;0;1;0;0;0;1;0;0;0;0;0;0;0;0;0;0;0;0;0;0;0;0;0;0;0;0;0;0;0;0;0;0;1;0;0;0;0;0;0;0;0;0;0;0;1;0;0;0;0;0;0;1;0;0;0;0;0;0;0;0;0;0;0;0;0;0;0;0;0;0;0;0;1
PTF1A_MOUSE.H10MO.C.bed,0.152073732719,231,1519,83862,1;1;0;1;0;1;0;0;0;0;1;2;0;0;0;2;0;0;1;2;1;0;0;1;1;1;1;0;0;0;3;0;1;1;0;0;2;1;0;1;1;0;2;0;0;2;2;2;0;0;0;3;0;2;0;0;1;1;2;0;0;0;2;2;1;1;0;1;0;0;0;0;0;1;0;0;1;1;1;1;0;1;1;0;0;0;0;2;1;1;1;1;0;1;1;2;1;1;2;1
BACH1_MOUSE.H10MO.C.bed,0.151975683891,50,329,33518,1;0;0;0;0;1;0;0;0;0;0;0;0;0;0;0;0;0;0;0;0;0;0;0;0;0;0;0;0;0;1;0;0;0;0;0;0;0;0;0;0;0;0;0;1;0;0;0;0;0;0;0;0;0;0;1;0;0;0;0;0;0;0;0;0;0;0;0;0;1;1;0;0;0;0;1;0;0;1;0;1;0;0;1;0;0;0;0;0;0;1;0;0;0;1;0;0;0;0;1
RARG_MOUSE.H10MO.C.bed,0.149789029536,142,948,41748,1;0;0;0;0;0;0;1;0;0;0;0;1;2;0;0;2;0;0;0;0;0;0;0;0;0;1;0;0;1;1;0;1;0;1;0;0;0;0;0;1;0;1;1;0;0;0;0;0;0;0;0;0;1;1;1;0;0;0;0;0;1;2;0;0;2;0;0;0;2;2;1;1;1;0;0;0;0;0;0;1;0;0;0;0;0;0;1;0;0;0;0;0;1;0;0;0;0;0;1
PLAG1_MOUSE.H10MO.D.bed,0.149439006923,626,4189,84979,2;1;2;0;2;2;0;1;1;1;2;0;3;0;1;1;0;2;1;0;0;1;1;0;2;2;4;2;1;1;1;0;2;2;6;2;1;3;3;1;4;2;1;0;1;2;4;2;3;2;4;5;5;3;4;1;4;3;3;2;2;2;5;1;6;6;1;1;6;3;0;1;1;2;2;1;0;3;2;1;1;1;0;1;1;2;2;2;0;1;1;0;0;1;6;0;2;3;0;2
SPZ1_MOUSE.H10MO.D.bed,0.147826086957,51,345,29799,1;0;1;0;0;1;0;0;0;0;0;0;0;0;0;0;0;0;0;0;0;0;0;0;0;0;0;0;0;0;1;0;0;0;0;1;0;0;0;0;1;0;1;0;0;0;1;0;0;0;0;0;1;0;0;0;2;0;1;0;0;0;0;0;0;0;0;0;0;0;0;0;0;1;1;0;0;0;0;0;0;0;0;0;0;0;0;0;0;0;0;0;0;0;0;0;0;0;0;1
TGIF1_MOUSE.H10MO.D.bed,0.147699757869,122,826,39126,1;1;0;0;0;1;0;0;0;0;1;1;0;0;0;0;0;0;0;1;0;1;1;0;0;0;0;0;0;0;1;0;0;0;0;0;0;0;0;1;0;0;1;0;0;1;0;0;0;0;0;0;0;1;0;0;1;0;2;0;0;0;1;0;1;0;0;2;0;0;0;0;0;0;0;0;0;0;0;0;0;0;0;1;1;0;0;0;0;0;1;1;0;1;0;0;0;0;0;1
NF2L2_MOUSE.H10MO.D.bed,0.147517730496,104,705,39991,1;0;0;0;0;0;0;0;0;0;0;0;1;0;1;0;0;0;0;0;0;1;2;0;2;0;2;1;2;1;0;1;1;1;1;2;1;1;1;0;1;0;1;1;1;1;0;1;0;1;1;0;0;0;1;0;0;0;0;0;2;0;0;0;0;0;0;0;0;0;1;1;0;0;0;1;0;0;0;0;0;0;0;0;0;2;0;0;0;2;0;0;0;0;1;0;0;0;0;1
JUNB_MOUSE.H10MO.B.bed,0.144876325088,41,283,33442,1;0;0;0;0;0;0;0;0;0;0;0;0;0;0;0;0;0;0;0;0;0;0;0;0;0;0;0;0;0;0;0;0;0;0;0;0;0;0;0;0;1;0;0;0;0;0;0;0;0;0;1;0;0;0;0;0;0;0;0;0;0;0;0;0;0;0;0;0;0;0;0;0;0;0;0;0;0;0;0;0;0;0;0;0;0;0;0;0;0;0;0;0;0;0;0;0;1;1;1
FOSB_MOUSE.H10MO.C.bed,0.144876325088,41,283,33442,1;0;0;0;0;0;0;0;0;0;0;0;0;0;0;0;0;0;0;0;0;0;0;0;0;0;0;0;0;0;0;0;0;0;0;0;0;0;0;0;0;1;0;0;0;0;0;0;0;0;0;1;0;0;0;0;0;0;0;0;0;0;0;0;0;0;0;0;0;0;0;0;0;0;0;0;0;0;0;0;0;0;0;0;0;0;0;0;0;0;0;0;0;0;0;0;0;1;1;1
MAFK_MOUSE.H10MO.S.bed,0.144717800289,100,691,40149,1;0;0;0;0;0;0;1;1;1;0;1;0;2;1;2;0;1;0;1;0;2;0;3;0;1;1;1;0;1;0;1;0;1;1;0;1;0;1;0;1;0;1;0;0;0;1;0;0;0;0;0;0;1;0;0;0;0;0;0;0;0;0;0;0;1;1;0;0;0;0;1;0;0;0;0;0;0;0;0;0;0;2;0;0;0;0;2;0;0;0;0;0;1;0;0;0;0;0;1
FOSL2_MOUSE.H10MO.A.bed,0.142857142857,33,231,31101,1;0;0;0;1;0;0;0;0;0;0;0;0;0;0;0;0;0;0;0;0;0;0;0;0;0;1;0;0;0;0;1;0;0;0;0;0;0;0;0;0;0;0;0;0;0;0;0;0;1;0;0;0;0;0;0;0;0;0;0;0;0;0;0;0;0;0;0;0;0;0;0;0;0;1;1;0;0;0;0;0;0;0;0;0;0;0;1;0;0;1;0;0;0;0;0;0;0;0;1
PO5F1_MOUSE.H10MO.A.bed,0.142585551331,75,526,40615,1;2;0;0;0;0;0;0;1;0;2;0;1;0;0;0;0;0;0;0;1;0;0;1;0;0;0;0;0;0;0;0;0;0;0;0;0;0;0;1;0;0;0;1;0;0;0;0;1;0;1;0;1;0;0;0;0;0;0;0;0;0;0;0;1;0;0;0;0;0;1;1;0;0;0;0;0;0;0;0;1;0;0;0;0;0;0;0;0;2;1;0;1;0;0;0;0;1;0;2
SRBP1_MOUSE.H10MO.B.bed,0.14165890028,152,1073,39404,2;0;0;0;0;1;1;0;0;0;1;0;0;0;0;0;0;0;0;1;0;2;0;2;0;1;1;1;0;0;0;0;0;0;1;1;0;1;1;1;1;1;0;1;0;0;0;1;1;0;0;0;0;0;0;2;2;0;0;0;1;1;0;0;0;0;0;0;1;0;0;0;0;1;0;1;1;0;0;0;0;1;1;0;0;0;1;0;0;0;0;0;0;0;0;0;0;0;0;1
THB_MOUSE.H10MO.C.bed,0.141160949868,107,758,39776,1;0;1;1;0;0;0;0;0;0;0;0;1;0;0;0;1;0;0;0;0;0;0;0;0;0;0;1;0;1;0;0;0;1;0;1;2;0;1;0;0;1;0;1;0;0;0;0;0;0;0;0;0;0;0;0;0;0;1;1;0;3;1;0;1;1;0;0;0;0;0;0;0;0;0;0;0;0;0;0;0;0;0;0;0;1;0;0;0;0;0;0;0;0;0;0;0;0;0;2
JUND_MOUSE.H10MO.A.bed,0.141025641026,22,156,29522,1;0;1;0;0;0;0;0;0;0;0;0;1;0;0;0;0;0;0;0;0;0;0;0;0;0;0;0;0;0;1;0;0;0;0;0;0;0;0;0;2;0;1;0;0;0;0;0;0;0;0;0;0;0;1;0;0;0;0;0;0;0;0;0;0;0;0;0;0;0;0;0;0;0;0;0;0;0;0;0;0;0;0;0;0;0;0;0;0;0;0;0;0;0;0;0;0;0;0;1
PLAG1_MOUSE.H10MO.S.bed,0.136950904393,53,387,31506,1;0;0;0;0;0;0;0;0;0;0;0;0;0;0;0;0;0;0;0;1;0;1;0;0;1;0;0;0;0;0;0;0;0;0;0;0;0;0;0;0;0;0;0;0;0;0;0;1;1;0;0;0;0;0;0;0;0;0;0;0;0;0;0;0;1;0;0;1;0;0;0;0;0;0;0;0;0;0;0;0;0;0;0;0;0;0;0;0;0;0;0;0;0;0;0;0;0;0;1
ARNT2_MOUSE.H10MO.D.bed,0.136653895275,214,1566,31832,1;0;0;0;0;0;0;0;2;1;0;1;0;0;0;0;0;0;0;0;0;1;1;0;1;0;0;0;1;2;3;1;0;0;1;0;2;0;0;0;0;0;1;0;1;2;0;2;1;1;2;1;0;1;0;0;0;1;0;0;1;0;0;1;0;0;1;1;1;1;3;2;1;1;0;2;1;2;4;0;1;3;1;0;1;0;1;0;0;0;0;1;0;0;0;0;0;0;0;1
SP2_MOUSE.H10MO.C.bed,0.136503471917,1553,11377,153620,3;6;4;1;5;2;4;4;1;3;5;4;7;5;2;0;0;2;4;1;3;4;8;6;2;5;5;8;5;16;12;4;11;3;13;7;4;11;3;3;2;5;6;7;6;7;6;4;4;1;9;2;2;2;5;4;5;9;4;1;4;2;7;14;16;2;4;10;10;3;2;7;14;10;10;4;10;17;8;6;1;4;1;8;9;7;3;7;4;0;6;3;1;8;5;0;7;8;4;2
VDR_MOUSE.H10MO.C.bed,0.13612565445,52,382,32581,1;0;0;0;1;0;0;0;0;0;0;0;0;0;0;0;0;0;0;0;0;1;0;0;0;0;0;0;0;0;0;0;0;0;0;0;0;0;0;0;0;0;0;0;0;1;0;0;1;0;0;0;0;0;0;0;0;0;0;1;0;1;0;0;0;0;0;1;0;0;0;0;0;0;0;0;0;0;1;0;1;0;0;0;0;0;0;0;0;0;1;0;0;0;0;0;0;0;1;2
P53_MOUSE.H10MO.C.bed,0.135388739946,101,746,40434,1;2;0;0;0;0;0;0;0;1;1;2;0;0;0;0;0;0;0;1;1;0;0;0;0;0;0;0;0;1;0;0;0;0;1;0;0;0;0;2;0;1;1;0;0;1;1;0;1;1;0;0;0;0;0;0;0;0;0;0;0;0;0;0;0;2;0;0;2;0;0;0;0;4;0;0;0;0;0;0;0;0;0;0;0;1;1;0;0;0;0;1;0;0;0;0;0;0;0;2
GLI1_MOUSE.H10MO.C.bed,0.134125636672,79,589,37107,1;0;0;0;0;0;1;0;0;0;0;0;0;0;0;0;0;0;0;0;0;0;0;0;1;0;0;0;0;0;0;0;0;1;0;1;0;0;0;1;0;0;0;0;0;0;0;1;0;0;0;0;0;0;0;0;0;0;0;1;0;0;0;0;0;0;1;0;0;0;0;0;0;0;1;0;0;0;0;0;0;0;0;0;0;0;0;0;0;1;0;0;0;0;0;0;0;0;0;1
KLF3_MOUSE.H10MO.D.bed,0.130030959752,126,969,41072,1;0;1;0;0;0;0;0;0;0;0;0;0;0;0;0;0;0;0;0;0;0;0;0;0;0;1;0;0;0;0;0;1;2;0;0;1;0;0;1;0;0;0;0;0;2;0;1;1;0;2;0;0;0;0;0;0;0;0;0;1;0;0;1;0;0;0;2;1;0;1;1;2;0;0;0;0;0;0;0;1;0;0;0;0;0;0;0;0;0;0;0;0;1;0;1;0;0;0;2
NR2C1_MOUSE.H10MO.C.bed,0.129399585921,125,966,41777,2;0;1;0;1;1;0;0;0;1;1;0;0;0;0;0;0;0;0;0;1;0;0;0;0;0;0;0;1;0;0;0;0;0;1;0;0;0;0;0;0;0;0;0;1;0;1;0;1;0;2;0;0;0;0;0;3;0;1;0;0;1;0;0;1;0;1;0;1;0;0;0;0;1;0;0;0;1;1;1;0;0;0;0;0;0;0;0;1;1;1;0;1;2;0;0;0;0;0;1
PURA_MOUSE.H10MO.D.bed,0.128237398159,1936,15097,300319,6;3;9;9;7;2;6;5;7;3;4;4;7;7;1;6;3;5;3;2;11;2;4;21;13;22;8;7;9;8;14;13;6;13;8;12;9;12;2;18;8;7;9;6;6;11;10;11;7;3;6;8;8;13;4;10;7;13;9;4;3;8;9;24;18;9;9;7;20;14;3;2;9;18;19;17;7;13;14;15;4;7;5;8;10;2;10;5;5;4;6;6;6;8;4;1;5;11;3;3
KLF15_MOUSE.H10MO.D.bed,0.128182290507,1727,13473,188758,8;4;7;5;7;3;5;6;5;6;7;9;5;10;7;2;0;3;4;1;5;2;4;12;4;7;3;7;6;13;14;5;7;12;8;12;5;8;4;10;9;5;8;5;3;15;12;7;8;6;11;9;2;11;5;3;6;5;13;3;9;9;5;10;13;5;7;16;14;8;6;9;13;11;11;9;12;11;9;9;1;4;4;2;10;4;9;3;1;1;10;4;3;9;4;1;6;9;5;6
IRF2_MOUSE.H10MO.C.bed,0.1275,51,400,34958,1;0;0;0;0;0;0;0;0;1;0;0;0;1;0;1;0;0;0;0;0;1;0;0;0;0;1;0;0;1;0;0;0;0;0;0;0;0;0;0;1;1;0;0;0;0;0;0;0;0;1;1;0;0;0;1;0;0;0;0;0;0;0;0;0;0;0;0;0;0;0;0;0;1;0;0;0;0;0;0;0;0;1;0;0;0;0;0;1;0;0;0;0;0;0;1;0;0;0;1
SOX4_MOUSE.H10MO.C.bed,0.127226463104,50,393,33384,1;0;1;0;0;0;0;0;0;0;0;0;0;0;0;0;0;0;0;0;0;0;0;0;0;0;0;0;0;0;0;0;0;0;0;1;0;0;0;0;0;0;1;0;0;0;0;0;0;0;0;0;0;0;0;0;0;0;0;0;0;0;0;0;0;0;0;0;0;0;0;0;0;1;0;0;0;0;0;0;0;0;0;0;0;0;0;0;1;0;0;0;0;0;0;0;0;0;0;1
GLI3_MOUSE.H10MO.B.bed,0.126984126984,72,567,37280,1;0;0;0;0;0;1;0;0;0;0;0;0;0;0;0;0;0;0;0;0;0;0;0;1;0;0;0;0;0;0;0;0;1;0;1;0;1;0;1;0;0;0;0;0;0;0;1;0;0;0;0;0;0;0;0;0;0;0;1;0;0;0;0;0;0;1;0;0;0;0;0;0;0;1;0;0;0;0;0;0;0;0;0;0;0;0;0;0;1;0;0;0;0;0;0;0;0;0;1
GLI2_MOUSE.H10MO.B.bed,0.123924268503,72,581,36421,1;0;0;0;0;0;1;0;0;0;0;0;0;0;0;0;0;0;0;0;0;0;0;1;0;0;0;0;0;0;0;0;1;1;0;0;0;1;0;0;0;0;0;0;0;1;0;0;0;0;0;0;0;0;0;0;0;0;0;0;0;0;0;1;0;0;0;0;0;0;0;0;0;0;0;0;0;0;0;0;0;0;0;0;0;1;0;0;0;0;0;0;1;0;0;1;0;0;0;1
THA_MOUSE.H10MO.S.bed,0.123376623377,57,462,35768,1;0;0;0;0;0;0;0;0;0;0;0;1;0;0;0;1;0;2;0;0;0;0;0;0;2;1;0;0;0;0;1;1;0;0;0;0;0;0;0;0;1;1;0;1;0;1;0;0;0;0;0;1;0;0;0;0;0;0;0;0;0;0;0;0;1;0;0;0;0;0;0;0;2;1;0;0;1;0;0;0;0;0;0;1;0;0;0;0;0;0;0;0;0;0;0;0;0;0;1
NFKB2_MOUSE.H10MO.D.bed,0.122762148338,48,391,33645,1;0;0;0;0;0;0;0;0;1;0;0;0;0;0;0;0;0;0;0;0;0;0;0;0;0;0;0;0;0;0;0;0;0;0;0;0;0;0;0;0;0;0;0;0;0;0;0;0;0;0;0;0;0;0;0;0;0;0;0;0;0;0;0;0;0;0;0;0;0;0;0;0;0;0;0;0;0;0;0;0;0;0;0;0;0;0;0;0;0;0;0;0;0;0;0;0;0;0;1
COE1_MOUSE.H10MO.C.bed,0.122740963855,163,1328,44907,2;0;1;0;1;1;0;0;0;0;2;0;1;1;0;1;1;1;0;0;0;1;0;1;0;1;1;1;1;0;1;1;0;0;0;0;0;0;1;1;0;0;0;0;0;0;0;1;1;0;0;0;0;0;0;1;0;1;1;0;1;1;0;1;1;0;0;1;1;0;0;0;1;0;0;0;0;0;0;2;0;1;0;0;1;1;1;0;1;1;0;1;0;0;1;0;0;1;1;1
ZN148_MOUSE.H10MO.D.bed,0.122671149818,4451,36284,554572,11;16;20;15;23;13;14;15;15;14;17;22;21;25;9;7;9;22;16;8;17;10;15;39;9;24;14;26;21;37;28;19;28;18;35;27;16;34;12;25;23;17;12;10;24;20;29;18;15;19;24;15;22;19;23;20;10;24;17;16;15;13;25;33;45;25;21;39;34;15;12;16;29;24;24;25;25;25;42;18;12;16;11;15;15;24;19;20;14;12;18;22;29;22;7;13;27;17;13;14
ESR1_MOUSE.H10MO.B.bed,0.122448979592,120,980,39283,1;0;0;0;2;0;0;0;0;0;0;0;2;0;0;0;0;1;0;0;0;2;0;0;0;0;0;0;1;0;0;0;1;0;0;0;0;0;0;0;0;0;0;0;0;0;0;0;0;1;0;0;0;0;0;0;0;2;0;1;0;2;0;0;1;0;1;0;0;1;0;1;0;0;0;0;0;0;0;0;0;0;0;0;0;1;0;0;0;0;1;1;0;0;0;1;0;0;1;2
SOX3_MOUSE.H10MO.C.bed,0.122392211405,88,719,38601,1;0;1;0;0;0;1;0;0;1;1;1;0;0;0;0;0;1;0;0;0;0;0;0;0;0;0;0;0;0;0;0;1;0;0;0;0;0;0;0;0;0;0;0;0;0;1;0;1;0;0;0;1;0;0;0;0;1;0;0;0;0;0;1;1;0;0;1;0;0;0;0;0;0;0;0;0;1;0;0;0;0;0;0;0;0;0;0;0;0;0;0;0;0;0;0;1;0;0;1
CEBPG_MOUSE.H10MO.C.bed,0.122302158273,17,139,30693,1;0;0;0;0;0;0;0;0;0;0;0;0;0;0;0;0;0;0;0;0;0;0;0;0;0;0;0;0;0;0;0;0;0;0;0;1;0;0;0;0;0;0;0;0;0;0;0;0;0;0;0;0;0;0;0;0;0;0;0;0;0;0;0;0;0;0;0;0;0;0;0;0;0;0;0;0;0;0;0;0;0;0;0;1;0;0;0;0;0;0;0;0;0;0;0;0;0;0;1
SOX9_MOUSE.H10MO.B.bed,0.121813031161,43,353,35999,1;0;0;0;0;0;0;0;0;0;0;0;0;1;0;0;1;0;0;0;0;0;0;1;0;0;0;0;0;0;1;0;0;0;0;0;0;0;1;0;0;0;0;0;0;0;0;1;0;0;0;0;0;0;0;0;0;0;0;1;0;0;0;0;0;0;0;0;0;0;0;0;0;0;0;0;0;0;2;0;0;0;0;1;0;0;1;0;0;0;0;1;0;0;0;0;0;0;0;1
GCR_MOUSE.H10MO.C.bed,0.120261437908,92,765,40894,2;0;0;0;0;1;0;0;0;1;0;1;0;0;1;0;0;0;0;0;0;0;0;1;0;0;1;0;0;0;0;1;0;0;0;0;1;0;0;0;0;1;0;0;0;0;0;1;0;0;0;0;0;1;0;0;1;1;0;0;1;0;0;0;1;0;2;0;0;0;0;0;0;0;0;0;0;0;0;0;0;0;0;0;0;0;0;0;0;0;1;0;1;0;0;0;0;0;0;1
HNF4G_MOUSE.H10MO.C.bed,0.119672131148,73,610,35723,1;0;0;0;0;0;0;0;0;0;0;0;0;0;0;0;0;0;0;0;0;0;0;0;1;0;0;0;1;1;0;0;0;0;0;0;0;1;0;0;0;1;0;0;0;0;0;0;0;0;0;0;0;0;1;0;0;0;0;0;0;0;0;0;0;0;0;0;1;0;0;0;0;0;0;0;1;1;0;0;0;1;0;0;0;0;0;0;1;0;0;0;0;0;0;0;0;1;0;1
RELB_MOUSE.H10MO.C.bed,0.11839708561,65,549,35226,2;0;0;0;0;1;0;0;0;1;0;0;0;1;0;0;0;0;0;0;0;0;0;0;1;0;0;1;0;3;0;0;1;1;0;0;0;0;0;0;0;0;0;0;0;0;0;0;0;0;0;0;0;0;0;0;0;0;0;1;0;1;0;0;0;0;1;2;0;0;0;0;0;0;1;0;0;0;0;0;0;0;0;0;0;0;0;0;0;0;0;0;0;0;0;2;0;0;0;1
PAX2_MOUSE.H10MO.D.bed,0.115702479339,14,121,29277,1;0;0;0;0;0;0;0;0;0;0;0;0;0;0;0;0;0;0;1;0;0;0;0;0;0;0;0;0;0;0;0;0;0;0;0;0;0;0;0;0;0;0;0;0;0;0;0;0;0;0;0;0;0;0;0;0;0;0;0;0;0;0;0;0;0;0;0;0;0;1;0;0;0;0;0;0;0;0;0;0;0;0;0;0;0;0;0;0;0;0;0;0;0;0;0;0;0;0;1
NR1H4_MOUSE.H10MO.C.bed,0.115485564304,44,381,33350,1;0;0;0;0;0;0;0;0;0;0;0;1;0;0;0;0;0;1;1;0;0;0;0;0;1;0;0;0;0;0;0;0;0;1;0;0;0;1;0;0;0;0;0;0;0;0;0;0;0;0;0;1;0;1;0;0;0;0;0;0;0;0;0;0;0;0;0;0;0;0;1;0;1;0;1;0;0;0;0;0;0;0;0;0;0;0;0;0;0;0;0;0;0;0;0;0;0;0;2
HXA13_MOUSE.H10MO.C.bed,0.114457831325,19,166,32337,1;0;0;0;0;0;0;0;0;0;0;0;0;0;0;0;0;0;0;0;0;0;0;0;0;0;0;0;0;0;0;0;0;0;0;0;0;0;0;0;0;0;0;0;0;0;0;0;1;0;0;0;0;0;0;0;0;0;0;0;0;0;0;0;0;0;0;0;0;0;0;0;0;0;0;0;0;0;0;0;0;0;0;0;0;0;0;0;0;0;0;0;0;0;0;0;0;0;0;1
NR1D1_MOUSE.H10MO.D.bed,0.113807531381,272,2390,74878,1;2;2;0;0;1;4;0;0;1;1;3;5;2;0;1;1;3;0;0;0;1;3;0;1;2;0;4;0;1;1;0;1;1;0;2;3;0;1;1;2;1;0;2;1;2;1;1;0;1;0;0;0;1;0;1;2;2;2;1;0;1;2;1;4;3;2;1;3;1;0;0;0;2;0;0;1;2;1;1;1;0;1;0;2;0;3;0;1;1;2;0;0;0;1;2;0;2;1;2
CUX1_MOUSE.H10MO.C.bed,0.11320754717,12,106,27974,0;0;0;0;0;0;0;0;0;0;0;0;0;0;0;0;0;0;0;0;0;0;0;0;0;0;0;0;0;0;0;0;0;0;0;0;0;0;0;0;0;0;0;0;0;0;0;0;0;0;1;0;0;0;0;0;0;0;0;0;0;0;0;0;0;0;0;0;0;0;0;0;0;0;0;0;0;0;0;0;0;0;0;0;0;0;0;0;0;0;0;0;0;0;0;0;0;0;0;0
STAT4_MOUSE.H10MO.A.bed,0.112947658402,41,363,33311,1;0;0;0;0;0;0;0;0;0;0;0;0;0;0;0;0;0;0;0;0;0;0;0;0;0;0;0;0;1;0;0;0;0;0;1;0;0;0;0;0;0;0;0;0;0;0;0;0;0;1;0;0;0;0;0;0;0;0;0;0;0;0;0;0;0;0;0;0;0;0;1;0;0;0;0;0;0;0;0;0;0;1;0;0;0;1;0;0;0;0;0;1;0;1;0;1;0;0;1
TF65_MOUSE.H10MO.S.bed,0.112033195021,54,482,33963,2;0;0;0;0;0;0;0;1;0;0;0;0;0;0;0;0;0;0;0;1;0;0;0;0;0;0;0;0;0;0;0;0;0;0;0;0;0;0;0;0;1;1;0;0;0;0;0;1;0;0;1;0;0;0;0;0;0;0;0;0;0;0;0;0;0;0;0;0;0;0;0;0;0;0;0;0;0;0;0;0;0;0;0;0;0;0;0;0;0;0;0;1;0;0;0;0;0;0;1
TCF7_MOUSE.H10MO.C.bed,0.111475409836,34,305,31951,1;0;0;0;0;0;0;0;0;0;0;0;0;0;0;0;0;0;0;0;0;0;0;0;0;1;0;0;0;0;0;0;0;0;0;0;0;0;0;0;0;0;1;1;0;0;0;0;0;0;0;0;0;0;0;0;0;0;0;0;0;0;0;1;0;0;0;0;0;0;0;0;0;0;0;0;0;0;0;0;0;0;0;0;0;0;0;0;0;0;0;0;0;0;0;0;0;0;0;2
PEBB_MOUSE.H10MO.C.bed,0.111269614836,78,701,41808,1;0;0;1;0;0;1;0;1;1;1;1;0;0;0;0;0;0;0;1;0;1;0;0;0;0;1;0;1;0;0;0;0;1;0;1;0;0;0;1;0;1;0;0;0;0;0;0;1;1;1;0;0;1;0;0;0;0;0;0;0;1;0;0;0;0;0;0;0;0;0;0;0;0;1;0;0;0;0;0;0;0;0;0;0;0;0;0;0;0;1;1;0;0;0;1;0;1;0;1
TAL1_MOUSE.H10MO.A.bed,0.110837438424,45,406,34853,1;0;0;0;0;0;0;0;0;0;0;0;0;0;0;0;0;0;0;0;1;0;0;0;0;0;0;0;1;0;0;0;1;0;0;0;0;0;0;0;0;1;0;0;0;0;0;0;0;0;0;0;0;1;0;0;0;1;0;0;0;0;0;0;0;0;0;0;0;0;0;0;1;0;0;0;0;0;0;0;0;0;0;0;0;0;0;0;0;0;0;0;0;0;0;0;0;0;1;1
ETV5_MOUSE.H10MO.D.bed,0.109375,56,512,36745,1;0;0;0;0;0;0;0;0;1;0;1;0;0;0;0;0;0;0;0;0;1;1;0;0;0;0;1;0;0;0;0;0;0;0;0;0;0;0;0;0;0;0;0;0;1;0;2;0;0;1;0;0;0;0;0;1;0;0;0;0;0;0;0;0;0;0;0;0;0;1;0;0;0;1;0;0;0;2;1;0;1;0;0;0;0;0;1;0;0;0;1;0;0;0;0;0;1;0;2
NR2C2_MOUSE.H10MO.A.bed,0.10860058309,149,1372,53412,3;0;0;0;1;2;2;0;1;0;0;1;0;1;1;0;1;2;0;0;0;0;0;0;0;0;1;0;0;0;2;0;1;0;1;1;0;0;0;0;0;1;0;0;1;3;1;3;1;0;0;1;0;0;0;0;0;1;0;1;0;1;0;1;1;0;2;0;0;1;1;2;0;1;2;2;0;0;0;2;0;2;0;0;0;1;0;0;1;0;0;2;0;1;0;0;0;1;0;1
ELF3_MOUSE.H10MO.D.bed,0.107623318386,96,892,46101,1;0;0;2;0;1;1;0;0;0;0;1;0;0;0;0;0;0;0;0;0;0;0;0;0;0;0;0;2;0;0;1;1;0;2;0;1;0;0;0;0;1;0;0;0;0;0;0;0;0;1;0;0;0;0;0;0;0;0;0;0;0;0;0;0;1;0;0;0;1;1;1;0;0;1;0;0;0;1;1;1;0;0;0;1;0;1;0;0;0;0;0;0;0;0;0;1;0;1;2
TF7L2_MOUSE.H10MO.A.bed,0.106888361045,45,421,37102,1;1;0;1;0;0;0;0;0;1;0;0;0;1;1;0;0;0;0;1;0;0;1;0;0;0;0;0;0;1;0;0;1;0;1;0;0;0;1;0;0;0;0;0;0;0;0;0;0;0;0;0;0;0;1;0;0;0;0;0;0;0;0;0;0;0;0;0;1;0;0;0;0;0;0;0;0;1;0;0;0;0;0;0;0;0;0;0;0;0;0;1;0;0;0;0;0;0;0;1
PPARA_MOUSE.H10MO.C.bed,0.106728538283,138,1293,51630,3;0;0;0;0;1;1;1;1;1;0;0;1;1;1;0;0;1;0;1;0;0;0;0;0;0;0;0;0;0;0;0;2;0;0;0;0;2;0;0;0;0;0;0;0;0;0;0;0;0;2;1;1;0;0;1;0;0;0;0;0;1;0;1;0;3;0;0;1;0;0;1;0;0;1;1;2;1;0;2;1;0;0;0;1;0;2;0;0;0;0;2;1;0;0;0;1;1;1;1
PPARD_MOUSE.H10MO.D.bed,0.106325706595,79,743,40023,2;1;0;0;0;0;1;0;0;0;0;1;0;1;0;0;0;1;0;0;0;1;0;0;0;0;1;0;0;1;0;0;0;0;1;0;0;0;0;0;0;0;0;1;0;0;0;0;1;0;0;1;0;0;0;0;0;1;1;1;0;0;0;0;0;0;2;0;0;0;0;0;0;0;1;0;0;0;0;0;0;0;0;0;1;0;2;0;0;0;0;0;0;0;1;0;0;1;0;1
HNF4A_MOUSE.H10MO.A.bed,0.104460093897,89,852,42458,1;0;0;0;1;0;0;0;0;0;0;0;0;0;0;1;0;2;0;0;0;0;0;0;0;3;0;0;0;1;1;0;0;0;1;0;0;0;0;0;0;1;1;2;0;0;0;0;0;0;0;0;0;0;1;0;2;2;0;0;0;0;1;0;0;0;0;0;0;0;1;0;0;0;0;0;0;0;0;0;0;0;1;1;0;0;0;0;0;1;0;0;0;0;0;0;0;1;0;1
SRBP2_MOUSE.H10MO.B.bed,0.102829924349,367,3569,70712,1;3;2;4;4;1;1;0;2;2;0;1;1;1;2;1;1;1;0;0;1;1;0;2;0;1;0;3;2;2;0;1;1;3;0;0;3;2;2;0;1;5;1;0;0;1;1;0;0;1;1;1;3;0;1;2;3;1;1;6;3;4;1;2;0;1;3;0;2;1;2;0;4;3;1;2;0;0;0;3;1;1;1;1;5;0;1;1;0;0;1;0;1;1;1;0;1;2;0;4
MCR_MOUSE.H10MO.D.bed,0.102611940299,55,536,36790,1;0;0;0;0;0;0;0;0;0;1;1;0;1;0;0;0;0;0;0;0;0;0;0;0;1;0;0;0;0;0;0;0;0;0;0;0;0;0;0;1;0;0;0;0;0;0;0;0;0;1;0;0;0;0;0;0;0;0;0;0;0;0;0;0;0;0;0;0;0;0;0;0;0;1;0;1;0;0;0;0;0;0;0;1;0;0;0;0;0;0;0;0;0;0;0;0;0;0;1
NR4A3_MOUSE.H10MO.D.bed,0.102348993289,61,596,36697,1;1;0;0;0;0;0;0;1;0;0;0;0;0;0;1;0;0;1;0;0;0;0;0;0;1;0;0;0;0;0;0;0;0;1;1;0;0;0;0;0;0;0;0;0;0;0;0;1;0;0;1;0;0;1;0;0;0;0;1;0;0;0;0;0;0;0;0;1;0;0;0;2;0;0;0;0;0;0;0;0;0;0;0;1;1;0;0;0;1;0;0;0;0;0;0;0;0;0;1
TEAD1_MOUSE.H10MO.D.bed,0.102177554439,61,597,36768,1;0;0;0;0;0;0;0;0;0;0;0;0;1;0;0;0;1;0;1;0;1;0;0;0;0;0;1;0;0;0;0;1;0;0;0;0;2;0;0;0;0;0;0;0;0;0;0;0;0;1;0;1;0;0;0;0;0;0;0;0;0;0;0;0;0;0;0;0;0;0;0;0;0;0;0;0;0;1;0;0;0;2;0;0;0;0;0;0;0;0;1;0;0;0;0;0;0;0;1
ESR2_MOUSE.H10MO.B.bed,0.102067183463,79,774,38132,2;0;0;0;0;3;0;1;0;0;0;0;0;1;0;0;0;0;1;0;0;0;3;0;0;1;1;0;1;0;0;0;0;0;0;1;0;0;0;0;0;0;0;0;0;0;1;0;0;0;0;1;0;0;0;0;0;0;0;1;0;1;0;2;0;0;0;0;0;0;0;0;1;0;0;0;0;0;0;0;0;0;0;0;0;0;0;1;0;0;0;0;0;0;0;0;0;1;0;1
PRDM1_MOUSE.H10MO.A.bed,0.101931330472,95,932,51080,1;2;1;0;0;0;0;0;1;0;0;1;1;0;0;0;0;0;0;1;0;0;1;1;1;0;2;1;2;0;2;0;0;0;3;1;1;1;0;0;0;0;1;0;0;0;0;1;0;0;0;1;1;1;0;0;0;0;1;0;0;0;0;0;0;0;0;1;0;0;1;0;1;0;0;0;0;0;0;0;0;1;0;0;1;0;0;0;0;2;0;0;0;0;0;1;0;0;0;1
TFE3_MOUSE.H10MO.C.bed,0.100694444444,29,288,32803,1;0;0;0;1;0;0;0;0;0;0;0;0;0;0;0;1;0;0;0;0;0;0;0;0;1;0;1;0;0;0;0;0;0;0;0;0;0;0;0;0;0;0;0;0;0;1;0;0;0;0;1;1;0;0;1;0;0;0;0;1;0;0;0;0;0;0;0;0;0;0;0;0;0;0;0;0;0;0;0;0;0;0;0;0;0;0;0;0;0;0;0;0;0;0;0;0;0;0;1
RARA_MOUSE.H10MO.C.bed,0.0998389694042,62,621,37573,2;0;0;0;0;1;0;0;0;0;2;0;0;0;0;0;0;0;0;1;0;0;0;0;1;0;0;0;0;1;0;0;1;0;0;0;0;0;0;0;0;1;0;0;0;0;0;0;0;0;1;0;0;0;0;0;0;1;0;1;0;0;0;0;0;0;0;0;2;0;0;0;1;0;0;0;0;0;0;0;0;0;0;1;0;0;0;0;0;0;0;0;0;0;0;0;0;0;0;3
MAZ_MOUSE.H10MO.D.bed,0.0997430020143,4308,43191,987209,21;17;28;13;18;15;22;24;27;24;16;22;26;26;30;34;14;22;9;6;14;14;21;42;27;43;29;38;17;19;34;20;38;44;35;25;18;35;19;35;49;26;17;13;24;15;23;17;11;11;31;23;19;20;20;20;18;22;21;22;20;27;26;38;63;29;28;36;38;20;16;19;41;34;48;35;29;39;42;35;18;17;6;26;22;28;13;20;10;17;17;17;37;31;16;31;42;20;9;9
RUNX2_MOUSE.H10MO.B.bed,0.0993788819876,48,483,38094,1;1;0;0;1;0;0;0;0;0;0;0;0;0;0;0;0;0;0;0;0;0;0;0;0;1;0;1;1;0;0;0;0;0;0;1;0;0;0;0;0;0;0;0;0;0;1;0;0;0;0;0;0;0;0;0;0;0;0;0;0;0;0;0;1;0;0;1;1;0;0;0;0;0;0;1;0;0;1;0;0;0;0;0;0;0;0;0;0;0;0;0;0;0;0;0;0;0;0;1
MYB_MOUSE.H10MO.C.bed,0.097995545657,44,449,34508,1;0;0;1;0;0;0;1;0;0;0;0;1;0;0;0;0;0;0;1;1;0;0;0;0;0;0;1;0;0;1;4;0;0;0;0;0;0;0;0;0;0;0;0;0;0;0;0;0;0;1;0;0;0;0;0;0;0;0;0;1;0;0;0;0;1;0;0;0;0;0;0;0;0;0;0;0;0;0;0;0;0;0;0;0;0;1;0;0;0;0;0;0;0;0;1;0;0;0;1
XBP1_MOUSE.H10MO.C.bed,0.0972222222222,7,72,27904,1;0;0;0;0;0;0;0;0;0;0;0;0;0;0;0;0;0;0;0;0;0;0;0;0;0;0;0;0;0;0;0;0;0;0;0;0;0;0;0;0;0;0;0;0;0;0;0;0;0;0;0;0;0;0;0;0;0;0;0;0;0;0;0;0;0;0;0;0;0;0;0;0;0;0;0;0;0;0;0;0;0;0;0;0;0;0;0;0;0;0;0;0;0;0;0;0;0;0;1
SMAD1_MOUSE.H10MO.D.bed,0.0957446808511,108,1128,46486,1;0;0;0;0;0;0;0;0;0;0;0;0;0;0;0;0;0;0;0;0;0;0;0;1;1;0;0;0;2;1;0;1;0;1;0;0;1;0;0;0;0;0;0;0;1;0;0;1;2;1;1;0;1;0;0;0;0;0;0;0;0;2;0;0;0;0;0;1;1;0;3;0;0;1;0;0;1;1;0;1;0;1;1;0;1;0;1;1;2;0;2;1;0;3;0;1;1;0;1
HLF_MOUSE.H10MO.C.bed,0.0952380952381,4,42,28151,0;0;0;0;0;0;0;0;0;0;0;0;0;0;0;0;0;0;0;0;0;0;0;0;0;0;0;0;0;0;0;0;0;0;0;0;0;0;0;0;0;0;0;0;0;0;0;0;0;0;1;0;0;0;0;0;0;0;0;0;0;0;0;0;0;0;0;0;0;0;0;0;0;0;0;0;0;0;0;0;0;0;0;0;0;0;0;0;0;0;0;0;0;0;0;0;0;0;0;0
NFIL3_MOUSE.H10MO.C.bed,0.0952380952381,6,63,28579,0;0;0;0;0;0;0;0;0;0;0;0;0;0;0;0;0;0;0;0;0;0;0;0;0;0;0;0;0;0;0;0;0;0;0;0;0;0;0;0;0;0;0;0;0;0;0;0;0;0;1;0;0;0;0;0;0;0;0;0;0;0;0;0;0;0;0;0;0;0;0;0;0;0;0;0;0;0;0;0;0;0;0;0;0;0;0;0;0;0;0;0;0;0;0;0;0;0;0;0
BCL6_MOUSE.H10MO.C.bed,0.0952380952381,76,798,41555,2;0;1;0;0;0;0;1;1;0;0;0;0;0;0;0;0;0;0;0;0;0;1;0;1;0;1;0;1;0;0;0;0;0;1;0;1;0;1;2;0;0;1;0;0;1;0;0;1;0;1;2;0;0;0;0;1;1;0;0;0;0;0;0;0;2;0;0;0;1;0;2;2;1;0;1;1;0;0;0;0;0;0;0;1;0;0;0;0;0;2;0;0;0;0;0;1;1;0;2
TBX20_MOUSE.H10MO.C.bed,0.0950920245399,62,652,38325,1;0;1;0;0;0;1;0;0;1;0;0;0;0;0;0;0;0;1;0;0;1;0;0;0;0;0;0;0;2;0;1;0;1;0;0;0;0;0;0;0;1;0;0;0;0;0;0;0;0;0;1;0;0;0;1;2;1;0;1;1;0;0;0;0;0;1;0;0;0;0;1;0;1;0;0;0;0;0;0;0;0;0;0;0;0;0;0;0;0;0;1;0;1;1;0;0;0;0;1
TFE2_MOUSE.H10MO.A.bed,0.0946215139442,475,5020,114105,4;3;4;0;1;3;3;4;0;1;6;1;3;3;4;3;2;4;2;3;1;3;0;3;4;5;1;0;2;1;3;4;0;1;1;1;3;2;4;2;0;5;1;1;3;2;2;1;2;2;7;1;1;2;2;3;3;0;0;4;2;3;2;2;6;0;2;2;3;3;1;3;1;3;2;1;1;2;2;0;3;0;0;1;3;7;2;4;3;2;5;0;2;3;1;4;2;1;3;3
NR2F6_MOUSE.H10MO.D.bed,0.0942249240122,62,658,40622,1;0;0;0;0;0;0;1;0;0;0;0;0;1;0;0;0;0;0;0;0;0;0;0;0;1;0;0;0;0;0;0;0;0;0;0;0;0;0;0;0;0;0;0;0;0;1;0;0;0;0;1;0;0;0;0;0;1;0;0;1;0;0;0;0;0;0;0;0;0;0;1;0;0;2;0;0;0;0;0;0;0;0;0;1;0;2;0;0;0;0;0;0;0;0;0;0;0;0;2
IRF1_MOUSE.H10MO.C.bed,0.09375,42,448,36322,1;0;0;0;0;1;0;0;1;1;0;0;0;1;0;2;0;0;0;0;1;1;0;0;0;1;1;0;1;0;0;0;0;0;0;0;0;0;0;0;1;0;0;0;0;0;1;0;0;0;0;0;0;0;0;0;0;0;0;0;0;0;0;0;0;0;0;0;0;0;0;0;1;1;0;0;0;0;0;0;1;0;0;0;0;1;1;0;0;0;0;0;0;1;0;0;0;1;0;1
PO3F1_MOUSE.H10MO.C.bed,0.0934256055363,27,289,34309,3;0;0;0;0;0;1;0;0;0;1;0;0;1;0;0;0;0;0;0;0;0;0;0;0;0;0;0;0;0;0;0;0;0;0;0;0;0;0;0;1;0;0;1;0;0;0;1;0;0;0;0;0;0;0;0;0;0;0;0;0;0;0;0;0;0;0;0;0;0;0;0;0;0;0;0;0;0;0;0;0;0;0;0;0;0;0;1;0;0;0;0;0;0;0;0;0;0;1;1
THA_MOUSE.H10MO.C.bed,0.0925925925926,70,756,39540,2;0;0;1;0;0;1;1;0;0;0;0;0;0;0;0;0;0;0;0;0;0;0;0;0;1;0;1;0;1;0;0;0;0;0;0;0;0;1;0;0;2;0;0;0;0;0;1;1;0;0;0;0;0;0;0;0;0;0;0;0;0;0;2;0;1;1;1;0;0;0;1;0;0;0;1;0;0;0;0;2;0;0;0;0;0;0;0;0;0;1;0;0;1;0;1;0;0;0;1
COT1_MOUSE.H10MO.S.bed,0.0917721518987,87,948,44720,2;2;0;0;0;0;2;0;0;1;0;0;1;0;0;0;1;0;1;0;0;0;0;0;0;0;1;0;0;0;1;1;0;0;0;1;0;0;0;0;0;0;1;0;0;0;0;0;0;0;1;0;0;0;0;0;0;1;0;1;0;1;0;1;0;0;2;0;0;0;1;0;0;1;2;0;0;0;1;0;0;0;0;0;1;2;0;0;1;0;0;2;0;0;0;0;0;0;0;1
EVX1_MOUSE.H10MO.C.bed,0.0913705583756,18,197,32696,1;0;0;0;0;0;0;0;0;0;0;1;0;0;0;0;0;0;0;1;0;0;0;0;0;0;0;0;0;0;0;0;0;0;0;0;0;0;0;0;0;0;0;0;0;0;0;0;0;0;0;0;0;0;0;0;0;0;0;0;0;0;1;0;0;0;0;0;0;0;0;0;0;0;0;0;0;0;0;0;0;0;0;0;0;0;0;0;0;0;0;0;0;0;1;0;0;0;0;1
NDF1_MOUSE.H10MO.C.bed,0.0909090909091,59,649,38584,1;0;1;0;0;0;0;0;1;0;0;1;1;0;0;0;1;0;0;1;0;0;0;0;0;0;0;0;0;0;1;0;0;0;0;0;0;0;0;1;0;0;1;0;0;0;0;0;0;1;0;0;0;0;0;0;0;0;0;0;0;0;0;0;0;0;0;0;0;0;0;0;0;0;0;0;0;1;1;0;0;0;0;0;0;0;0;0;1;1;0;0;0;0;0;0;0;1;0;2
RXRB_MOUSE.H10MO.C.bed,0.0900562851782,48,533,39696,1;1;0;0;0;0;1;0;0;0;0;1;0;0;0;0;0;1;0;0;1;0;0;1;0;0;0;0;0;0;0;0;0;1;0;0;0;0;0;0;1;0;0;1;1;0;0;0;0;0;2;0;0;0;1;0;0;1;1;0;0;0;1;0;0;0;0;0;0;0;0;0;0;0;0;0;0;0;0;0;0;0;0;0;1;0;0;0;0;1;0;0;0;0;0;0;0;1;1;2
HXA7_MOUSE.H10MO.D.bed,0.09,9,100,30048,1;0;0;0;0;0;0;0;0;0;0;0;0;0;0;0;0;0;0;0;0;0;0;0;0;0;0;0;0;0;0;0;0;0;0;0;0;0;0;0;0;0;0;0;0;0;0;0;0;0;0;0;0;0;0;0;0;0;0;0;0;0;0;0;0;0;0;0;0;0;0;0;0;0;0;0;0;0;0;0;0;0;0;0;0;0;0;0;0;0;0;0;0;0;0;0;0;0;0;1
PRGR_MOUSE.H10MO.C.bed,0.0897435897436,35,390,35427,1;0;0;0;0;0;0;0;0;0;0;0;1;0;0;0;0;0;0;0;0;0;0;0;0;0;0;0;0;0;0;0;0;0;0;0;0;0;0;0;0;0;0;0;0;0;0;0;0;0;0;0;0;0;0;0;1;0;0;0;0;0;0;0;0;0;0;0;0;0;0;0;0;1;0;0;0;0;0;0;1;0;0;0;0;0;0;1;0;0;1;0;0;0;0;1;0;0;2;1
P63_MOUSE.H10MO.D.bed,0.0896551724138,39,435,36242,1;0;0;1;0;0;0;0;0;0;0;0;0;0;0;0;0;0;0;0;1;1;0;0;0;0;0;0;0;0;0;0;1;0;0;1;0;0;0;0;0;0;0;0;0;0;0;0;0;0;2;0;0;0;0;0;0;0;0;0;0;0;0;0;0;0;0;0;0;0;0;0;0;0;1;0;0;0;1;1;0;0;0;0;0;0;0;0;0;0;0;1;0;1;0;0;0;0;0;1
SPIB_MOUSE.H10MO.B.bed,0.0896,112,1250,63104,2;0;1;0;0;2;0;0;1;0;1;2;1;0;0;0;1;0;1;3;1;0;0;0;1;2;1;1;2;1;0;0;2;1;0;0;0;1;0;1;0;1;1;0;0;1;0;1;1;0;0;1;0;0;1;1;0;0;0;0;0;2;0;0;0;0;0;1;0;1;0;0;1;2;0;0;0;0;0;0;0;1;0;0;0;1;0;1;0;0;0;1;0;0;1;1;1;2;3;2
IRF3_MOUSE.H10MO.C.bed,0.0895752895753,116,1295,79413,1;0;0;0;1;1;0;0;0;0;1;1;1;0;2;0;1;0;0;2;1;0;1;0;1;0;1;2;0;0;0;2;0;0;0;1;0;0;2;0;0;0;1;2;0;1;2;0;0;0;0;2;0;0;1;0;1;1;0;0;1;0;0;0;0;0;0;0;0;1;1;0;0;2;1;0;0;1;1;0;1;1;1;0;1;4;3;1;0;1;0;0;0;0;1;0;0;0;0;2
TFE2_MOUSE.H10MO.S.bed,0.0894039735099,27,302,33407,1;0;0;0;0;0;0;0;1;0;1;0;1;0;0;0;0;0;0;0;0;0;0;0;0;0;0;1;0;0;0;0;0;0;0;0;0;0;0;0;0;1;0;0;0;0;0;0;0;0;0;0;0;0;0;0;0;0;0;0;0;0;0;0;0;0;0;0;0;2;0;0;1;0;0;0;1;0;0;0;0;0;0;0;0;0;0;0;0;1;0;0;1;1;0;0;0;0;1;1
PBX2_MOUSE.H10MO.C.bed,0.0892857142857,25,280,34230,1;0;0;0;0;0;0;0;0;0;0;0;0;0;0;0;0;0;0;0;0;1;0;0;0;0;0;1;0;0;0;0;0;0;0;0;0;0;0;0;1;0;0;0;0;0;0;0;0;0;0;0;0;0;0;0;0;0;0;0;0;0;0;0;0;0;0;0;0;0;0;0;0;0;0;0;0;1;0;0;0;0;0;0;0;0;0;1;0;0;0;0;0;0;0;0;0;0;0;1
HAND1_MOUSE.H10MO.D.bed,0.0891891891892,33,370,33803,1;1;0;0;0;0;0;0;0;0;0;1;0;0;0;0;1;0;0;1;0;0;0;0;0;1;0;0;0;0;0;0;1;0;0;0;0;0;0;0;0;1;0;0;0;0;0;0;0;1;0;0;0;0;0;0;0;0;0;0;0;0;0;0;0;0;0;0;0;1;0;0;0;2;0;0;0;0;0;0;0;0;0;0;0;0;0;0;0;0;0;0;0;0;1;0;0;0;0;1
ANDR_MOUSE.H10MO.B.bed,0.0877742946708,28,319,34181,1;0;0;0;0;0;0;0;0;1;0;0;0;0;1;0;0;0;0;0;0;0;0;0;0;0;0;1;0;0;1;0;0;0;0;0;0;0;0;0;0;0;0;0;0;0;0;0;0;0;0;0;0;0;0;0;0;0;0;0;0;0;0;0;0;0;0;0;0;0;0;0;0;0;0;0;0;0;0;0;0;0;1;2;0;0;0;1;0;0;1;0;0;0;0;0;0;1;0;1
NFAT5_MOUSE.H10MO.D.bed,0.0868347338936,31,357,33871,2;1;1;1;0;0;0;0;0;1;0;1;0;0;0;0;0;0;0;0;0;0;0;1;1;0;0;0;0;0;0;0;0;0;0;0;0;0;0;0;0;1;0;0;0;0;0;0;1;0;1;0;0;0;0;0;0;0;0;0;1;0;0;0;0;0;0;0;0;0;0;0;0;1;0;0;0;0;1;0;1;0;0;0;0;1;0;0;1;0;0;0;0;0;0;0;0;0;0;1
NR1I3_MOUSE.H10MO.C.bed,0.0860805860806,47,546,37738,1;0;0;0;0;0;0;0;1;0;1;1;0;0;0;0;0;0;0;0;0;0;0;0;1;0;0;0;0;0;0;0;0;1;0;0;2;0;0;0;0;0;0;0;0;0;0;1;0;0;1;1;0;0;1;0;1;0;0;1;0;0;0;0;0;1;0;0;0;1;1;0;0;1;0;0;1;0;0;0;0;0;0;0;0;0;0;0;1;0;0;0;0;1;0;1;0;0;1;1
PRD14_MOUSE.H10MO.D.bed,0.0856164383562,25,292,31954,1;0;1;0;0;0;0;0;0;0;0;0;0;1;0;0;0;0;0;0;0;0;1;1;0;0;0;0;0;0;0;0;0;0;0;0;0;0;0;0;0;0;0;0;0;0;0;0;0;0;0;1;0;0;0;0;0;0;0;0;0;0;1;0;0;0;0;0;0;0;0;0;0;0;0;0;0;0;0;0;1;0;0;0;0;0;0;0;0;0;0;0;0;0;0;0;0;0;0;1
NKX32_MOUSE.H10MO.C.bed,0.0855614973262,16,187,30406,1;0;0;0;0;0;0;0;0;0;0;0;0;0;0;0;0;0;0;0;0;0;0;0;0;0;0;0;0;0;0;0;0;0;0;0;0;0;0;0;0;0;0;0;0;0;0;0;0;0;0;1;1;1;0;0;0;0;0;0;0;1;0;0;0;0;0;0;0;0;0;0;0;0;0;0;0;0;0;0;0;0;0;0;0;0;0;0;0;0;0;0;0;0;0;0;0;0;0;1
RUNX3_MOUSE.H10MO.B.bed,0.0850340136054,50,588,37010,1;0;0;1;1;0;0;0;1;0;0;0;1;0;0;0;0;0;0;0;0;0;1;0;0;0;0;0;0;0;0;0;0;1;0;0;0;0;0;0;0;1;1;1;0;0;0;1;0;0;1;0;0;0;0;0;0;0;0;0;0;0;0;0;0;0;1;1;0;0;0;0;0;0;1;0;0;1;0;0;1;0;0;0;0;0;0;0;1;1;0;0;0;2;0;0;0;1;0;1
RARB_MOUSE.H10MO.D.bed,0.0842373962987,132,1567,56816,1;1;0;0;0;0;1;0;1;1;1;1;0;2;0;0;1;1;1;1;0;1;1;0;1;0;1;0;0;1;0;1;0;0;1;0;1;0;0;0;2;0;0;1;0;0;1;0;1;0;1;0;1;0;0;0;0;1;3;0;1;0;0;0;0;3;0;1;0;1;1;1;0;1;0;1;0;0;2;1;0;0;0;0;1;0;1;0;1;2;0;2;0;0;0;0;0;0;0;1
SPI1_MOUSE.H10MO.A.bed,0.0838762214984,103,1228,63312,1;0;0;0;1;1;0;0;0;1;2;0;0;1;0;1;1;0;2;1;0;0;0;0;1;2;2;3;0;2;0;0;1;1;0;1;0;0;0;0;0;1;0;0;0;0;0;0;2;1;1;2;0;0;0;0;0;0;0;0;2;0;1;1;1;2;0;1;0;0;1;1;0;1;1;0;1;0;0;1;0;0;0;1;0;1;2;0;0;0;0;1;0;0;1;1;0;1;2;1
HXB1_MOUSE.H10MO.D.bed,0.0821596244131,35,426,38642,1;0;0;0;0;0;0;0;0;0;0;0;0;0;0;0;0;0;0;0;0;0;0;0;0;0;0;0;0;1;1;0;0;0;0;0;0;0;0;0;0;1;0;1;0;1;1;0;0;0;0;0;0;0;0;0;0;0;0;0;0;0;0;0;0;0;0;0;0;0;0;0;0;0;0;0;0;0;0;0;1;0;0;1;1;0;0;1;0;0;0;0;0;0;0;0;1;0;0;1
EPAS1_MOUSE.H10MO.D.bed,0.0818892286782,241,2943,105531,2;0;0;4;7;1;1;1;1;3;3;0;2;1;0;0;2;1;1;3;2;0;1;0;2;2;2;1;2;0;0;0;0;2;1;0;2;8;5;2;0;1;6;1;2;2;0;0;0;0;0;0;1;0;2;4;4;3;0;3;1;0;2;0;3;1;1;2;1;0;1;1;2;1;1;4;1;4;2;3;3;1;4;0;3;0;2;0;0;1;0;0;2;0;1;1;0;4;10;2
PO4F2_MOUSE.H10MO.D.bed,0.0818713450292,14,171,31350,1;0;0;0;0;0;0;0;0;0;0;0;1;0;0;0;0;0;1;0;0;1;0;0;0;0;0;0;0;0;0;0;0;0;0;0;0;0;0;0;0;0;0;0;0;0;0;0;0;0;0;0;0;0;0;0;0;0;0;0;0;0;0;0;0;0;0;0;0;0;0;0;0;2;0;0;1;0;0;0;0;0;0;0;0;0;1;0;0;0;0;0;0;0;0;0;0;0;0;1
MYBB_MOUSE.H10MO.D.bed,0.0807692307692,21,260,31266,1;0;1;0;0;0;1;0;0;0;0;0;1;1;0;0;0;0;0;0;0;0;0;0;0;0;0;0;0;1;0;0;0;0;0;0;0;0;0;0;0;0;0;0;0;0;0;0;1;0;0;0;0;0;0;0;1;0;0;0;0;0;0;0;0;0;0;0;1;0;0;0;0;0;0;0;0;0;0;1;1;0;0;0;0;0;0;0;0;0;0;0;0;0;0;0;0;0;0;1
PPARG_MOUSE.H10MO.A.bed,0.0803827751196,84,1045,48495,2;1;2;0;1;0;0;1;0;1;0;0;0;0;1;0;1;0;2;0;0;0;0;0;0;0;0;0;0;0;1;0;0;0;1;1;1;0;0;1;0;0;0;0;0;1;2;0;1;0;0;0;0;0;0;0;0;1;0;0;1;0;0;0;0;0;2;0;0;1;0;0;0;3;2;1;0;1;0;0;0;1;1;0;1;1;1;1;1;0;1;0;1;0;0;0;0;0;1;1
IRF8_MOUSE.H10MO.D.bed,0.0802631578947,61,760,43617,1;0;0;0;0;1;0;0;0;0;0;0;1;0;1;0;0;1;0;0;1;1;0;0;1;1;0;0;0;0;0;0;0;1;0;0;1;0;0;0;1;0;0;0;0;0;0;0;0;1;0;0;0;1;0;1;0;1;0;0;0;0;0;1;0;0;0;0;0;0;0;0;0;0;0;0;0;2;0;0;0;1;1;1;1;0;0;2;0;0;0;0;0;0;1;0;0;2;0;1
REL_MOUSE.H10MO.C.bed,0.0798722044728,50,626,37058,1;0;1;0;0;0;0;0;0;0;0;1;1;0;0;1;0;0;0;0;0;0;0;0;0;1;0;1;0;0;0;1;2;0;0;0;0;0;0;0;0;0;0;0;0;0;0;0;0;0;0;0;0;0;1;1;0;0;0;0;0;0;0;1;0;0;0;0;0;0;0;0;0;1;0;0;0;0;0;0;1;0;0;0;0;0;0;0;0;0;0;0;0;0;0;1;0;0;0;1
ZEP1_MOUSE.H10MO.D.bed,0.0792291220557,37,467,33150,1;0;0;0;0;0;0;0;0;0;1;0;0;0;0;0;0;0;0;0;0;0;0;1;1;0;0;0;0;0;0;0;1;0;0;0;0;1;1;0;0;0;0;1;0;0;0;0;0;0;0;0;1;0;0;0;0;0;0;1;1;1;1;0;1;0;0;1;0;0;0;0;0;0;0;0;0;0;0;0;0;0;1;0;0;0;1;0;0;0;0;0;0;0;0;0;1;1;0;1
MEIS2_MOUSE.H10MO.B.bed,0.0791896869245,43,543,36246,2;0;0;0;0;0;0;0;1;2;0;0;0;0;1;0;0;0;0;0;0;1;1;1;0;0;0;0;0;0;2;1;0;0;0;0;0;0;0;2;0;0;0;0;1;0;0;0;0;0;0;0;0;0;0;0;1;0;0;0;0;0;1;1;0;0;0;0;0;1;0;0;0;0;0;0;0;2;0;2;0;1;0;1;0;0;0;0;0;0;0;1;0;0;0;0;0;0;0;1
GFI1B_MOUSE.H10MO.C.bed,0.079086115993,45,569,37937,1;0;0;0;0;0;0;1;0;0;0;0;1;0;0;1;0;0;0;0;2;0;0;0;0;0;0;0;1;0;0;0;1;0;0;0;0;0;0;0;0;0;0;0;0;0;0;0;1;0;0;0;0;0;0;0;0;0;0;0;0;0;0;1;1;0;0;0;0;0;0;0;0;0;2;0;1;0;0;1;0;0;0;0;0;0;2;0;0;0;0;0;1;0;1;0;0;0;0;2
TAL1_MOUSE.H10MO.S.bed,0.0789473684211,18,228,34014,1;0;0;0;0;0;0;0;0;0;0;0;1;0;0;0;0;0;1;0;0;0;0;0;0;0;0;0;0;0;1;0;0;0;0;0;0;0;1;0;0;0;0;0;0;0;1;0;0;0;0;0;0;0;0;0;0;0;0;1;0;0;0;0;0;0;0;0;0;0;0;0;0;0;0;0;0;0;0;0;0;0;0;0;0;1;0;0;0;0;0;0;0;0;0;0;0;0;0;1
TBX3_MOUSE.H10MO.D.bed,0.0788863109049,34,431,36277,1;0;0;0;0;1;0;0;0;0;0;1;0;0;0;1;0;0;0;0;0;1;0;0;0;0;0;0;0;0;0;0;0;0;0;0;0;0;0;0;1;0;0;0;0;0;0;0;0;0;0;0;0;0;0;0;0;0;0;0;0;0;1;0;0;0;0;0;0;0;0;0;0;0;0;0;0;0;0;0;1;0;0;0;0;0;0;0;0;1;0;0;0;0;0;0;0;0;0;1
STAT6_MOUSE.H10MO.C.bed,0.0772303595206,58,751,52115,1;2;0;0;0;0;0;1;0;1;1;0;0;0;0;0;0;0;0;0;0;0;0;1;0;1;0;0;0;1;1;0;1;1;0;0;0;0;1;0;0;0;0;0;0;0;0;0;1;0;0;0;0;0;3;0;0;0;0;0;0;0;1;0;0;0;0;2;0;0;0;1;0;0;0;0;0;1;0;0;0;0;0;0;0;0;0;0;0;1;0;0;0;0;0;1;1;0;0;2
SMAD3_MOUSE.H10MO.C.bed,0.0756501182033,32,423,32353,2;0;0;0;0;0;0;0;0;0;1;0;0;0;0;0;0;0;0;1;0;0;1;0;0;0;0;0;0;1;0;1;0;0;0;0;0;1;0;1;0;0;0;0;0;0;0;0;0;0;0;0;0;0;0;0;0;0;1;0;0;0;0;1;0;0;0;0;0;0;0;0;0;0;0;0;0;0;0;0;0;0;0;0;0;0;0;0;0;0;0;0;0;0;1;0;0;0;0;1
HLTF_MOUSE.H10MO.D.bed,0.0755336617406,46,609,36791,1;0;0;0;0;0;0;0;0;0;0;0;0;1;0;0;0;0;1;0;0;0;1;0;0;0;0;0;0;1;0;0;0;0;0;0;0;0;0;0;0;0;1;0;1;1;0;0;0;0;0;0;0;1;1;0;0;0;1;0;0;0;0;0;0;0;0;0;0;1;2;0;1;0;0;0;0;0;0;0;0;1;0;0;0;0;0;0;0;0;0;1;0;0;0;0;0;0;0;1
IRF9_MOUSE.H10MO.C.bed,0.0746887966805,18,241,31350,1;1;0;0;0;0;0;0;0;0;0;0;0;0;0;0;0;1;0;0;1;0;0;0;0;0;0;0;0;0;0;0;0;0;0;0;0;0;0;0;0;0;1;0;0;0;0;0;0;0;0;0;0;0;1;0;0;0;0;0;1;0;0;0;1;0;0;0;0;0;0;0;0;0;0;0;0;0;0;0;1;0;0;0;0;0;0;0;1;0;0;0;0;0;0;0;0;1;0;1
CDX4_MOUSE.H10MO.A.bed,0.0745341614907,12,161,31167,1;0;0;0;0;0;0;0;0;0;0;1;0;0;0;0;0;0;1;1;0;0;0;0;0;0;0;0;0;0;0;0;0;0;0;0;0;0;0;0;0;0;0;0;0;0;0;0;0;0;0;0;0;0;0;0;0;0;0;0;0;0;2;0;0;0;0;0;0;0;1;0;0;0;0;0;0;0;0;0;0;0;0;0;0;0;0;0;0;0;0;0;0;0;0;0;0;0;0;1
TEF_MOUSE.H10MO.D.bed,0.0735294117647,20,272,34309,1;0;0;0;0;0;1;0;0;0;0;0;0;0;0;0;0;0;0;1;0;0;0;0;1;0;1;0;0;0;0;0;0;0;0;0;0;0;0;0;0;0;0;0;0;0;0;0;0;0;0;0;0;0;0;0;0;0;0;0;0;0;0;0;0;0;0;0;0;0;0;0;0;0;0;0;0;0;0;0;0;1;0;0;0;0;0;0;0;0;0;0;0;0;0;0;0;0;0;1
CDC5L_MOUSE.H10MO.D.bed,0.0724637681159,10,138,30432,1;0;0;0;0;0;0;0;0;0;0;0;0;0;0;0;0;0;0;0;0;0;0;0;0;0;0;0;0;0;0;0;0;0;0;0;0;0;0;0;0;0;0;0;0;0;0;0;0;0;0;0;0;0;0;0;0;0;0;0;0;0;0;0;0;1;1;0;0;0;0;0;0;0;0;0;0;0;0;0;1;0;0;1;0;0;0;0;0;0;0;0;0;0;0;0;0;0;0;1
HXA9_MOUSE.H10MO.D.bed,0.0723981900452,16,221,32926,1;0;1;0;0;0;0;0;0;0;0;0;1;0;0;0;0;0;0;0;1;0;0;0;0;0;0;0;0;0;0;0;0;0;0;0;0;1;0;0;0;0;0;0;0;0;0;0;0;0;0;0;0;0;0;0;1;0;0;0;0;0;0;0;0;0;0;0;0;0;0;0;0;0;0;0;0;0;0;0;0;1;0;0;0;0;0;0;1;0;0;0;0;0;0;0;0;0;0;1
ARI5B_MOUSE.H10MO.C.bed,0.0716417910448,24,335,35138,1;0;0;0;0;0;0;0;0;0;0;0;0;0;0;0;0;1;0;0;0;1;0;0;0;0;0;0;0;0;1;0;0;0;1;0;0;0;0;0;0;0;0;0;0;0;0;0;0;0;0;0;0;0;0;0;0;0;0;0;1;0;0;0;0;0;0;0;0;0;0;0;0;0;0;0;0;0;0;0;0;0;0;0;0;1;1;1;0;0;0;0;0;0;0;0;0;0;0;1
ZBT18_MOUSE.H10MO.D.bed,0.0714285714286,34,476,35030,1;0;0;0;1;0;0;0;0;0;0;0;0;0;0;0;1;0;0;1;0;0;0;0;0;0;1;0;0;0;0;0;0;0;0;0;0;0;0;0;1;0;0;0;0;0;0;0;0;0;0;0;0;0;0;0;0;0;0;0;0;0;0;0;0;0;0;0;0;0;0;2;0;0;0;0;0;0;0;1;0;0;0;0;0;1;0;1;0;0;0;0;0;1;0;0;1;1;0;1
COT2_MOUSE.H10MO.S.bed,0.0711538461538,111,1560,57826,2;3;1;0;0;0;2;0;0;1;0;1;0;0;1;1;2;0;2;2;0;0;0;1;0;0;0;1;0;0;2;1;0;1;1;1;0;1;0;0;0;0;0;1;0;1;1;0;0;0;0;0;0;0;1;0;0;1;0;2;0;0;0;0;0;0;0;0;0;1;2;0;1;1;2;1;0;0;1;0;1;0;0;0;0;2;1;1;1;1;1;2;2;1;0;0;0;0;0;1
RORA_MOUSE.H10MO.B.bed,0.0705882352941,12,170,32125,1;0;0;0;0;0;1;0;0;0;0;1;0;0;0;0;0;0;0;1;0;0;0;0;0;0;0;0;1;0;0;0;0;0;0;0;0;0;0;0;0;0;0;0;0;0;0;0;0;0;0;1;0;0;0;0;0;0;0;0;0;0;0;0;0;0;0;0;0;1;0;0;0;1;0;0;0;0;1;0;0;0;0;0;0;0;0;0;0;0;0;0;0;0;0;0;0;0;0;2
SOX18_MOUSE.H10MO.D.bed,0.069970845481,24,343,35358,2;0;0;0;0;0;0;0;0;0;0;0;0;0;0;0;0;0;0;0;0;0;0;0;0;0;0;0;0;0;0;0;0;0;1;0;0;0;0;0;0;0;0;1;0;0;0;0;0;0;0;0;0;0;0;0;0;0;0;0;0;0;0;0;1;0;0;0;0;0;0;0;0;0;0;0;0;0;0;0;0;0;0;0;0;0;0;0;0;0;0;0;0;0;0;0;0;0;0;1
HSF2_MOUSE.H10MO.A.bed,0.0696378830084,50,718,44943,1;0;0;1;0;0;0;0;0;0;0;0;0;0;0;0;0;0;0;0;0;0;0;1;0;1;0;2;0;0;0;0;0;0;0;0;0;0;0;0;0;1;1;0;0;0;0;1;0;0;0;0;0;0;0;0;0;1;0;0;0;1;0;0;0;0;0;1;2;0;1;0;1;1;0;0;0;0;0;0;0;0;0;0;1;0;0;2;0;0;0;0;0;1;1;0;0;0;0;1
NR6A1_MOUSE.H10MO.B.bed,0.0694941236587,136,1957,71202,1;2;1;2;1;1;1;2;0;0;2;0;0;0;0;0;0;3;1;1;1;1;1;0;1;0;0;2;0;0;0;0;0;2;1;0;1;0;0;0;1;0;0;0;1;0;1;2;0;0;0;0;1;0;0;0;0;0;0;1;0;0;1;3;0;0;1;0;1;0;1;1;0;2;2;1;2;2;1;0;2;0;0;0;1;1;1;0;1;0;2;0;1;0;0;0;1;3;1;1
MEIS1_MOUSE.H10MO.C.bed,0.0692771084337,23,332,34405,1;0;1;0;0;0;0;0;0;0;0;0;0;0;1;0;0;0;0;0;0;0;0;2;0;0;0;0;0;0;0;0;0;0;0;0;0;0;0;0;0;0;0;0;0;0;1;0;0;0;0;0;0;0;0;0;0;0;0;0;0;0;0;0;0;0;0;0;0;0;0;0;0;0;0;0;0;0;0;0;0;0;0;0;0;0;0;0;1;0;0;0;0;0;0;0;0;0;0;2
STAT2_MOUSE.H10MO.B.bed,0.0689655172414,66,957,68782,2;1;0;0;0;1;1;1;1;0;0;0;1;0;2;0;0;1;1;2;0;2;1;1;0;0;1;0;0;0;0;0;1;0;0;0;1;0;0;1;0;0;1;0;0;0;1;2;0;0;0;0;0;0;0;0;0;1;0;0;0;0;1;1;0;0;1;1;1;0;0;1;1;0;0;0;2;0;1;0;0;0;0;2;0;2;2;2;1;0;0;0;0;1;0;0;3;0;0;1
HSF1_MOUSE.H10MO.A.bed,0.0688729874776,77,1118,53386,1;2;0;0;0;1;1;1;0;0;0;0;0;0;0;0;0;0;0;0;0;0;0;0;1;0;0;1;4;1;1;0;0;0;0;0;0;0;1;0;0;0;1;0;0;0;0;0;2;0;1;0;0;1;0;0;0;1;0;1;1;0;1;0;0;1;2;0;0;1;1;0;2;0;0;0;0;2;0;0;0;2;1;0;2;0;0;1;1;1;1;0;1;0;0;1;0;0;1;1
HNF1A_MOUSE.H10MO.A.bed,0.0687830687831,13,189,31669,1;0;0;0;0;0;0;0;0;1;0;0;0;1;1;0;0;0;0;0;0;0;0;0;0;0;0;0;0;0;0;0;0;0;0;0;0;0;0;0;0;0;0;0;0;0;0;0;0;0;0;0;0;0;0;0;0;0;2;0;0;0;0;0;0;0;0;0;0;0;0;0;0;0;0;1;0;0;0;0;0;0;0;0;0;0;0;1;0;0;1;0;0;0;0;0;0;0;1;1
THB_MOUSE.H10MO.S.bed,0.0686274509804,21,306,31918,1;0;0;0;0;0;0;0;0;0;0;0;0;0;0;1;1;0;0;0;0;0;0;0;0;0;0;0;0;0;0;0;0;0;0;0;0;0;0;0;0;0;0;0;0;0;0;0;0;0;0;0;0;0;0;0;0;0;2;1;0;0;1;0;0;0;0;0;0;0;0;0;0;0;0;0;0;0;0;0;0;0;0;0;0;0;0;0;0;0;0;0;0;0;0;0;0;0;1;1
NKX22_MOUSE.H10MO.D.bed,0.0677419354839,21,310,33695,1;0;1;0;0;0;0;0;0;0;0;0;0;0;2;0;0;0;0;0;1;0;0;0;0;0;0;0;0;0;0;0;0;0;1;0;0;0;0;0;0;0;0;0;0;0;0;0;0;0;0;0;0;0;0;0;0;0;0;0;0;0;0;0;0;0;0;0;0;0;0;0;0;0;0;0;0;0;0;0;0;0;0;0;0;0;0;0;0;1;0;0;0;0;0;0;0;0;0;1
HXD13_MOUSE.H10MO.D.bed,0.0677083333333,13,192,32570,1;0;0;1;0;0;0;0;0;0;0;0;0;0;0;1;0;0;0;0;0;0;0;0;0;0;0;0;0;0;0;0;0;0;0;0;0;0;0;0;0;0;0;0;0;0;0;0;0;0;0;0;0;0;0;0;0;0;0;0;0;0;0;0;0;0;0;0;0;0;0;0;0;0;0;0;0;0;0;0;0;0;0;0;0;0;0;0;0;0;0;0;0;0;0;0;0;0;0;1
PKNX1_MOUSE.H10MO.D.bed,0.0670103092784,13,194,31685,1;0;0;0;0;0;0;0;0;0;0;0;0;0;0;0;0;0;0;0;0;0;0;0;0;0;0;0;0;0;1;0;0;0;0;0;0;0;0;0;0;0;1;0;0;0;0;0;0;0;0;0;0;0;0;0;0;0;0;0;0;0;0;0;0;0;0;0;0;0;0;0;0;0;0;0;0;0;0;0;0;0;0;0;0;0;0;0;0;0;0;0;0;0;0;0;0;0;0;1
TF65_MOUSE.H10MO.C.bed,0.0669975186104,27,403,34509,1;0;1;0;0;0;0;0;1;0;0;0;0;0;0;0;1;0;0;0;0;0;0;0;0;0;1;0;0;0;0;0;0;0;0;0;0;0;0;0;0;0;0;0;0;0;0;0;0;0;0;0;0;0;1;0;0;0;0;0;0;0;0;0;0;0;0;0;0;0;1;0;0;0;0;0;0;0;1;0;0;0;0;0;0;0;0;0;0;0;0;0;0;0;0;0;0;0;0;1
FOXF2_MOUSE.H10MO.D.bed,0.0664451827243,20,301,33672,1;0;0;0;0;0;0;1;0;0;0;0;1;0;0;0;0;1;0;0;0;0;0;0;0;0;0;0;0;0;0;0;0;0;0;0;0;0;0;0;0;3;0;0;0;0;0;0;0;0;1;0;0;0;0;0;1;0;0;0;0;0;0;0;0;0;0;1;0;0;0;0;0;0;0;1;0;0;0;0;1;0;0;0;0;0;0;1;0;0;1;0;0;0;0;0;1;0;0;1
FOXO3_MOUSE.H10MO.B.bed,0.066091954023,46,696,42067,2;0;0;1;0;0;0;0;0;0;0;1;0;0;1;0;0;0;0;0;0;1;0;1;0;0;0;0;0;0;1;0;0;1;1;0;2;0;0;0;0;0;0;0;0;0;1;0;1;0;0;1;0;0;0;0;0;0;0;1;0;0;0;0;0;1;0;0;1;0;0;0;1;1;0;0;1;0;1;0;0;1;0;0;0;1;1;1;0;0;0;0;1;0;0;0;0;0;1;2
CRX_MOUSE.H10MO.A.bed,0.0658436213992,16,243,31576,1;0;0;0;0;0;0;1;0;0;0;1;0;0;0;1;1;0;0;0;0;0;0;0;0;0;0;0;0;0;0;0;0;1;0;0;0;0;0;0;0;0;0;0;0;0;0;0;0;0;0;0;0;0;0;0;0;0;0;0;0;0;0;0;0;0;0;0;1;0;1;0;0;0;0;0;0;0;0;0;0;0;0;0;0;0;0;0;0;0;0;1;0;0;0;0;0;0;0;1
NR1I2_MOUSE.H10MO.C.bed,0.0655391120507,31,473,35512,1;0;0;0;1;0;0;0;0;0;0;0;1;0;1;0;0;0;0;0;1;0;0;0;0;0;0;0;0;0;1;0;0;0;0;1;0;0;1;0;0;1;1;0;0;0;1;0;0;0;0;0;0;0;0;0;0;0;0;0;0;0;0;0;0;1;0;1;0;2;1;0;0;0;0;0;0;0;1;0;0;0;0;0;0;0;0;0;0;0;0;0;0;1;0;0;1;1;0;1
PIT1_MOUSE.H10MO.C.bed,0.0652920962199,19,291,37599,1;0;0;0;0;0;0;0;0;0;0;0;0;0;0;0;1;0;0;0;0;0;2;0;0;0;0;0;0;0;0;0;0;0;0;0;0;0;0;0;0;0;0;0;0;0;0;0;0;0;0;0;0;0;0;0;0;0;0;0;0;0;0;0;0;0;1;0;0;0;0;0;0;0;0;0;0;0;0;0;0;0;0;0;0;0;0;0;1;0;0;0;0;0;1;0;0;1;0;2
RREB1_MOUSE.H10MO.D.bed,0.0652861922416,1444,22118,412901,12;14;19;19;26;13;9;8;24;11;5;13;18;20;7;5;9;8;11;10;18;8;19;22;11;14;12;20;18;29;26;12;17;28;28;18;19;12;6;12;5;19;9;3;2;5;4;6;3;2;2;7;5;8;4;1;10;5;9;13;7;5;13;25;7;9;10;21;26;20;9;14;22;17;11;20;13;15;8;6;10;19;13;7;19;10;12;16;5;15;9;21;8;9;3;7;8;5;4;10
FOXA2_MOUSE.H10MO.B.bed,0.0650406504065,24,369,35582,1;0;0;0;1;0;0;0;0;0;1;0;0;0;0;1;0;0;0;1;0;0;0;0;0;0;0;0;0;1;0;0;0;0;0;0;0;0;0;2;1;0;1;0;0;0;0;0;1;0;0;0;0;0;1;0;0;0;0;0;0;1;0;0;0;0;0;0;0;1;0;0;0;0;0;1;0;0;0;1;0;0;0;0;0;0;1;0;0;0;1;0;0;0;0;0;1;0;0;1
PBX1_MOUSE.H10MO.B.bed,0.0648464163823,19,293,34562,1;0;0;0;0;0;0;0;0;0;0;0;0;0;0;0;0;0;0;1;0;0;0;0;0;0;0;0;0;0;0;0;0;0;0;0;0;1;0;0;0;0;0;0;0;0;0;0;0;0;0;0;0;0;0;0;0;1;0;0;0;1;0;0;0;0;0;1;0;0;0;0;0;0;1;0;0;0;0;0;0;0;0;0;0;0;0;0;0;0;1;1;0;0;0;0;0;0;0;1
MEF2C_MOUSE.H10MO.B.bed,0.0645161290323,20,310,34774,1;0;0;1;1;0;0;0;0;0;0;0;0;1;1;0;0;0;0;0;0;0;0;0;0;0;0;0;0;0;0;0;0;0;0;0;0;0;0;0;0;0;0;0;0;1;0;0;0;0;0;0;0;0;0;0;0;0;0;0;0;0;0;2;0;0;0;0;0;0;0;1;0;0;0;0;0;1;0;0;0;1;0;0;0;0;0;0;0;0;0;0;0;0;0;0;0;0;0;1
TBX2_MOUSE.H10MO.D.bed,0.0641025641026,75,1170,47748,1;0;0;0;0;2;1;1;0;0;0;0;0;0;0;1;0;0;1;0;0;0;0;1;1;1;0;1;1;0;0;2;0;0;0;0;0;0;0;1;0;2;0;0;0;1;1;0;0;0;0;1;2;0;0;1;0;1;1;0;1;0;0;0;0;1;0;1;1;0;2;2;1;0;0;0;0;0;0;0;0;0;1;0;1;0;1;0;0;0;0;0;0;1;1;2;1;0;0;1
FOXA3_MOUSE.H10MO.C.bed,0.0636042402827,54,849,50104,1;0;1;1;0;0;0;1;0;0;0;2;0;0;1;0;0;0;1;1;1;0;0;0;0;0;0;0;1;1;0;0;1;0;0;0;1;0;0;0;0;0;1;0;1;3;0;0;0;0;0;0;0;1;0;1;1;0;1;0;0;0;0;0;0;0;2;0;0;0;0;1;0;0;0;0;0;1;1;1;0;0;0;1;0;1;0;0;0;0;0;0;0;0;1;0;0;0;0;2
FOXC2_MOUSE.H10MO.D.bed,0.0634328358209,34,536,38961,1;0;1;0;0;0;0;0;0;0;0;0;0;0;0;0;0;1;0;0;0;0;0;1;0;0;1;0;0;0;0;0;1;0;0;0;0;0;0;0;0;0;0;0;0;0;0;0;1;0;0;0;0;0;1;0;0;0;0;0;0;0;0;0;0;0;1;0;0;0;0;0;1;0;0;0;0;0;1;0;1;0;2;0;0;0;0;0;0;0;0;0;1;0;0;1;0;0;0;1
HXC8_MOUSE.H10MO.D.bed,0.0632183908046,11,174,30580,1;0;0;1;0;0;0;0;0;0;0;0;0;0;0;0;0;0;0;0;0;0;0;0;0;0;0;0;0;0;0;0;0;0;0;0;0;0;0;0;0;0;0;0;0;0;0;0;0;0;0;0;0;0;0;0;0;0;0;0;0;0;0;0;0;0;0;0;0;0;0;0;0;0;0;0;0;0;0;0;0;0;0;0;0;0;0;0;0;0;0;0;0;0;0;0;0;0;0;1
CEBPE_MOUSE.H10MO.A.bed,0.0625,2,32,27211,0;0;0;0;0;0;0;0;0;0;0;0;0;0;0;0;0;0;0;0;0;0;0;0;0;0;0;0;0;0;0;0;0;0;0;0;0;0;0;0;0;0;0;0;0;0;0;0;0;0;0;0;0;0;0;0;0;0;0;0;0;0;0;0;0;0;0;0;0;0;0;0;0;0;0;0;0;0;0;0;0;0;0;0;0;0;0;0;0;0;0;0;0;0;0;0;0;0;0;0
STA5B_MOUSE.H10MO.C.bed,0.0616621983914,23,373,35200,1;0;0;0;0;1;0;0;0;0;1;0;0;0;0;0;0;0;0;0;0;1;0;0;0;0;0;0;0;0;0;0;0;0;0;0;0;1;0;1;0;0;1;0;0;0;0;0;0;1;0;0;0;0;0;0;0;0;0;0;0;0;0;0;0;1;1;0;0;0;1;0;0;0;0;0;0;0;0;0;0;0;0;0;0;0;0;0;0;0;0;0;0;0;1;0;1;0;0;1
MEF2A_MOUSE.H10MO.B.bed,0.0606060606061,20,330,33888,1;0;0;0;0;0;1;0;0;0;0;0;0;0;0;0;0;1;0;0;0;0;0;0;0;0;0;0;0;0;0;0;0;0;0;0;0;0;0;0;0;0;0;0;0;0;0;0;0;0;0;0;0;0;0;0;0;1;0;0;0;0;0;0;0;0;0;0;0;0;0;0;0;0;0;0;0;0;0;0;0;0;0;0;0;0;0;0;0;0;0;0;0;0;0;1;0;0;1;2
MEF2D_MOUSE.H10MO.C.bed,0.0606060606061,18,297,32678,1;1;0;0;0;0;0;1;0;0;0;0;0;0;0;0;0;0;1;0;0;0;0;0;0;1;0;0;0;0;0;0;0;0;0;0;0;0;0;0;0;0;0;0;0;0;0;0;0;0;0;0;0;0;0;1;0;0;1;0;0;0;0;0;0;0;0;0;0;0;0;0;0;0;0;0;0;0;0;0;0;0;0;0;0;0;0;0;0;0;0;0;0;0;0;1;0;0;1;2
FOXD1_MOUSE.H10MO.D.bed,0.0602836879433,17,282,33556,1;0;0;0;0;0;0;1;1;0;0;0;0;0;0;1;0;0;0;0;1;0;0;0;0;0;1;0;0;0;0;0;0;0;0;0;0;0;0;0;1;1;2;0;0;0;0;0;1;0;0;0;0;0;0;0;0;0;1;0;0;0;0;0;0;0;0;0;1;1;0;0;0;0;0;0;0;0;0;0;0;0;1;0;0;0;0;0;0;0;0;0;0;0;0;0;0;0;1;1
PO6F1_MOUSE.H10MO.D.bed,0.0601851851852,13,216,31966,1;0;0;0;0;0;0;0;0;1;1;0;0;0;0;0;0;1;0;0;0;0;0;0;1;0;0;0;0;0;0;1;0;0;1;0;0;0;0;0;0;0;0;0;0;0;1;0;0;0;0;0;0;0;0;0;0;0;0;0;0;0;0;0;0;0;0;0;0;0;0;0;0;0;0;0;0;0;0;0;0;0;0;0;0;0;0;0;0;0;0;0;0;0;0;0;0;0;0;1
MYC_MOUSE.H10MO.A.bed,0.0593723494487,210,3537,97414,4;0;3;0;1;1;2;1;2;0;1;1;1;1;2;3;1;1;4;3;2;1;1;4;2;1;1;3;0;1;1;4;1;0;1;1;2;2;0;1;1;0;1;1;0;2;0;1;1;3;1;1;1;1;1;0;1;0;0;2;0;1;1;2;1;1;0;0;0;0;1;4;2;0;1;3;1;3;2;0;3;5;1;3;3;1;4;0;1;1;1;4;5;3;0;2;2;1;1;1
TEAD4_MOUSE.H10MO.D.bed,0.0589680589681,24,407,36579,1;0;0;0;0;0;0;0;0;0;0;0;0;0;0;0;0;0;0;0;1;1;0;1;1;0;1;0;0;1;0;0;0;0;0;0;0;0;0;0;0;0;0;0;0;0;0;0;0;0;0;0;0;0;0;0;0;0;0;1;0;0;0;1;0;1;0;0;0;0;0;0;1;0;0;0;0;0;0;0;0;1;0;0;0;0;0;2;0;1;0;1;0;0;1;0;0;0;1;1
DBP_MOUSE.H10MO.B.bed,0.0588235294118,5,85,29120,1;0;0;1;0;0;0;0;0;0;0;0;0;0;0;0;0;0;0;0;0;0;0;0;0;0;0;0;0;0;0;0;0;0;0;0;0;0;0;0;0;0;0;0;0;0;0;0;0;0;0;0;0;0;0;0;0;0;0;0;0;0;0;0;0;0;0;0;0;1;0;0;0;0;0;0;0;0;0;0;0;0;0;0;0;0;0;0;0;0;0;0;0;0;0;0;0;0;0;1
NR0B1_MOUSE.H10MO.D.bed,0.0586565752129,62,1057,29264,1;0;0;0;0;0;0;0;0;0;0;0;0;1;1;0;1;0;0;0;0;0;0;0;1;1;1;0;0;0;1;2;2;1;0;1;1;1;0;0;0;0;0;0;1;0;0;0;1;0;0;0;0;1;0;0;0;0;1;1;1;0;0;1;1;3;2;0;1;3;2;3;1;1;3;1;0;0;1;0;1;2;0;1;0;0;0;0;0;0;0;0;0;0;0;0;0;0;0;1
NR2E3_MOUSE.H10MO.C.bed,0.0575657894737,35,608,41962,1;1;0;0;0;0;0;0;1;0;1;1;1;0;0;0;1;1;0;0;0;0;1;0;0;0;1;0;0;0;2;0;0;0;0;0;1;0;0;0;0;0;0;0;2;0;0;1;0;0;0;0;0;0;0;0;0;0;1;1;1;0;0;0;0;0;2;0;0;0;0;0;0;1;0;0;0;1;0;1;0;0;0;0;0;0;0;0;0;0;2;0;0;0;1;0;0;0;0;1
IRF5_MOUSE.H10MO.D.bed,0.0573997233748,83,1446,70372,2;3;2;0;1;0;0;0;1;0;0;1;1;0;0;0;0;1;0;0;0;0;1;2;0;0;0;0;0;1;1;0;1;1;0;0;0;0;1;1;0;0;0;2;1;0;1;1;0;0;0;1;0;0;0;1;1;2;0;1;0;2;0;0;0;0;0;1;1;1;0;0;0;1;0;0;1;2;1;2;1;0;1;2;0;0;0;0;1;1;2;0;2;0;0;0;1;1;0;1
GATA1_MOUSE.H10MO.A.bed,0.0561056105611,17,303,34526,1;0;0;0;0;0;0;0;0;0;0;0;0;0;0;0;0;0;1;0;0;0;0;0;0;0;0;0;0;0;0;0;0;0;0;0;0;0;0;0;0;0;0;0;0;0;0;0;0;0;0;0;0;0;0;0;0;0;0;1;0;0;0;0;0;1;0;0;0;0;0;1;0;0;0;0;0;1;1;0;0;0;0;0;1;0;0;0;0;0;0;0;0;0;0;0;0;0;1;1
FOXA1_MOUSE.H10MO.B.bed,0.0560747663551,36,642,43776,1;0;0;1;1;0;0;1;0;0;0;1;0;0;0;0;1;0;0;0;0;0;0;1;0;0;0;0;0;0;0;0;0;0;0;1;0;0;0;0;0;0;0;0;0;0;1;2;0;0;0;0;0;0;0;0;2;0;0;0;0;0;1;0;0;0;0;1;0;1;0;1;0;2;0;1;0;0;0;0;1;0;0;2;0;0;1;0;0;0;0;1;1;2;0;0;0;0;0;1
NFAC1_MOUSE.H10MO.S.bed,0.0550964187328,20,363,36279,2;0;0;0;0;0;0;0;0;0;0;0;1;0;1;0;0;0;1;0;0;0;0;0;0;0;0;0;0;0;0;0;0;0;0;0;0;0;0;0;0;0;0;0;0;0;0;0;0;1;0;0;0;0;0;0;0;1;0;0;0;0;0;0;0;0;0;0;0;1;0;0;0;0;0;0;1;0;0;1;0;0;0;0;0;0;0;1;0;0;0;0;0;0;0;0;0;0;0;2
EVI1_MOUSE.H10MO.B.bed,0.0547945205479,16,292,37849,1;0;0;0;0;0;0;0;1;0;1;0;0;0;0;0;0;0;0;0;0;0;0;0;0;0;0;0;0;0;0;0;0;0;0;0;0;0;0;0;0;1;0;0;0;0;0;0;0;0;0;0;0;0;1;1;0;0;0;0;1;0;0;0;0;0;0;0;0;0;2;0;0;0;1;0;0;0;0;0;0;1;0;0;0;0;0;0;0;0;0;0;0;0;0;0;0;1;0;1
AIRE_MOUSE.H10MO.C.bed,0.0547945205479,16,292,35175,1;0;0;0;1;0;0;0;0;0;0;0;0;0;0;0;0;0;0;0;1;0;0;0;0;0;1;0;0;0;0;0;0;0;0;0;0;0;0;0;0;0;0;0;0;0;0;0;1;0;0;0;0;0;0;0;0;0;1;0;0;0;0;0;0;0;0;0;0;0;0;0;0;0;0;0;0;0;1;0;0;0;0;0;0;0;0;0;0;0;0;0;0;0;1;1;0;0;0;1
SOX17_MOUSE.H10MO.D.bed,0.0546875,14,256,33687,1;0;0;0;1;0;1;0;0;0;0;0;0;0;0;0;0;0;0;0;0;0;0;0;0;0;0;0;0;0;0;0;0;0;0;0;1;1;0;0;0;0;0;0;0;0;0;0;0;1;0;0;0;0;0;0;0;0;0;0;0;0;0;0;0;0;0;0;1;0;1;0;0;0;0;0;0;1;0;0;0;0;0;0;1;0;1;0;0;0;0;0;0;0;0;0;0;1;0;1
NFAC1_MOUSE.H10MO.A.bed,0.054347826087,15,276,37425,1;0;0;0;0;0;0;2;1;0;0;0;1;0;2;0;0;0;1;0;1;0;0;0;0;0;0;0;0;0;0;0;1;0;0;0;1;0;0;0;0;0;0;0;0;0;0;0;0;0;0;0;0;0;0;0;0;0;0;0;0;0;0;0;1;0;0;0;0;0;0;0;0;0;0;0;0;0;0;0;0;0;0;1;0;0;0;0;0;0;1;0;0;1;0;0;0;0;1;1
TEAD3_MOUSE.H10MO.D.bed,0.0535714285714,21,392,36325,1;0;0;0;0;0;0;0;0;1;0;0;0;0;0;0;0;0;0;0;0;0;1;0;0;0;0;0;1;0;0;0;1;1;0;0;0;0;0;0;0;0;0;0;1;0;0;0;0;0;0;1;0;0;0;0;1;0;0;0;1;0;0;0;0;0;1;0;0;1;0;0;0;1;0;1;0;0;0;0;0;0;0;0;0;1;1;0;0;0;0;0;0;0;0;0;0;0;1;1
ELF5_MOUSE.H10MO.D.bed,0.0526315789474,14,266,35129,1;0;0;0;0;0;0;0;0;0;1;0;0;0;0;1;0;0;0;1;1;0;0;0;0;0;0;0;0;0;0;0;1;0;0;0;1;1;0;1;0;0;0;0;0;0;0;0;0;0;0;0;0;0;0;1;0;1;0;0;0;0;0;0;0;0;0;0;0;0;0;0;0;0;1;0;0;0;0;1;0;0;1;0;0;0;1;0;0;0;0;0;0;0;0;0;0;0;0;1
RORG_MOUSE.H10MO.C.bed,0.0496083550914,19,383,34184,1;0;0;0;3;0;0;0;1;0;0;0;0;0;0;0;0;0;0;0;0;0;0;0;0;1;0;0;0;0;0;0;0;0;0;0;0;0;0;0;0;0;0;0;0;0;0;0;0;0;0;0;0;0;0;0;0;0;0;0;0;1;0;0;0;0;0;0;0;0;0;2;0;0;0;0;0;0;0;0;0;0;0;0;1;0;0;0;0;0;0;0;0;0;0;0;0;0;0;1
BRAC_MOUSE.H10MO.D.bed,0.0492610837438,10,203,31827,1;0;0;0;0;0;1;0;0;0;0;0;0;0;0;0;0;0;0;0;0;0;0;0;0;0;0;0;0;0;0;0;0;0;0;0;0;0;0;0;0;0;0;0;0;0;0;0;0;0;1;0;0;0;0;0;0;0;0;0;0;0;0;0;0;1;0;0;0;0;0;0;0;2;0;0;0;0;0;1;0;0;0;0;0;0;0;0;0;0;0;0;0;0;0;0;0;0;0;1
RXRA_MOUSE.H10MO.C.bed,0.0485537190083,282,5808,183623,4;5;5;9;4;7;6;4;4;4;3;1;7;2;1;4;4;3;2;3;4;2;4;5;5;2;0;2;1;3;4;2;4;2;5;1;2;1;1;1;0;2;3;1;0;1;5;1;0;2;1;0;1;2;1;0;0;1;2;0;2;3;1;3;1;1;2;3;3;5;2;1;7;3;5;2;2;6;2;3;3;4;4;0;2;3;3;3;0;2;4;6;5;6;7;3;3;6;0;4
GATA5_MOUSE.H10MO.D.bed,0.0460829493088,10,217,33357,1;1;0;0;0;0;0;0;0;0;0;0;0;0;0;0;0;0;0;0;0;0;0;0;0;0;0;0;0;1;0;0;0;0;0;0;0;0;0;0;0;0;1;0;0;0;0;0;0;0;0;0;0;0;0;0;0;0;1;0;0;0;0;0;0;0;0;0;0;1;0;0;0;0;0;1;0;0;0;0;0;0;0;0;0;0;0;0;0;0;0;0;0;0;0;1;0;0;0;1
HNF1B_MOUSE.H10MO.B.bed,0.0448717948718,7,156,30800,1;0;0;0;0;0;1;0;0;0;0;0;0;0;0;0;0;0;0;0;0;0;0;0;0;0;0;0;0;0;0;0;0;0;0;0;0;0;0;0;0;0;0;0;0;0;0;0;0;0;0;0;0;0;0;0;0;0;0;0;0;0;0;0;0;0;0;0;0;0;0;0;0;0;0;0;0;0;0;0;0;0;1;0;0;0;0;0;0;0;0;0;0;0;0;0;0;0;0;2
STAT1_MOUSE.H10MO.A.bed,0.0435492651062,320,7348,296254,3;5;3;2;0;2;5;6;5;1;3;4;5;4;4;6;8;7;8;6;6;13;4;7;4;5;5;6;5;6;4;5;6;1;4;4;6;7;1;3;0;1;3;2;0;5;4;0;2;0;0;2;1;5;7;12;9;1;1;1;2;3;3;0;4;2;1;5;4;3;1;5;4;3;3;2;5;7;3;4;3;3;3;2;0;4;8;2;3;5;4;5;5;3;7;11;11;16;11;11
DDIT3_MOUSE.H10MO.C.bed,0.0413793103448,24,580,64518,1;0;2;1;1;1;0;0;0;0;0;1;0;1;0;2;0;0;1;2;0;0;2;0;1;0;1;0;0;0;1;0;0;0;0;1;0;0;0;0;0;0;0;0;0;0;0;0;0;0;0;0;0;0;1;0;1;0;1;0;0;0;0;1;0;0;0;0;0;1;0;0;1;0;0;2;0;0;0;0;0;0;0;0;0;0;0;1;0;2;0;0;1;1;2;0;0;0;0;1
STA5A_MOUSE.H10MO.A.bed,0.0401337792642,24,598,42818,1;0;0;0;1;0;0;0;0;1;0;0;1;0;0;0;0;0;0;0;1;1;0;0;0;0;1;0;1;0;0;0;0;0;0;0;0;0;0;0;0;0;0;0;0;0;0;0;0;0;0;0;0;0;1;0;0;1;0;1;0;0;0;0;0;0;0;0;0;0;0;0;1;0;0;1;0;0;0;0;0;0;0;0;0;0;0;0;1;0;1;0;0;1;1;0;0;0;1;1
LHX2_MOUSE.H10MO.D.bed,0.0387596899225,5,129,30359,1;0;0;0;0;0;0;0;0;0;1;0;0;0;0;0;0;0;0;0;0;0;0;0;0;0;0;0;0;0;0;0;0;0;0;0;0;0;0;0;1;0;0;0;0;0;0;0;0;0;0;0;0;0;0;0;0;0;0;0;0;0;0;0;0;0;0;0;0;0;0;0;0;0;0;1;0;0;0;0;0;0;0;0;0;0;0;0;0;0;0;0;0;0;0;0;0;0;0;1
EVX2_MOUSE.H10MO.C.bed,0.0384615384615,13,338,37357,1;0;0;0;0;0;0;0;0;0;0;0;0;0;0;0;0;0;0;0;0;0;0;0;0;0;0;0;0;1;0;0;0;0;1;0;0;0;0;0;0;0;0;0;0;0;0;0;0;0;0;0;0;0;0;0;0;0;1;0;0;0;0;1;0;0;0;0;0;0;0;0;0;0;0;0;0;0;0;0;0;0;0;0;0;0;0;0;0;1;0;0;1;0;0;0;0;0;0;1
IRF4_MOUSE.H10MO.C.bed,0.0373809803691,318,8507,318654,7;3;4;3;2;4;0;4;3;5;3;2;6;5;7;4;9;5;5;5;7;7;5;10;3;8;9;9;10;5;6;6;11;4;1;9;4;4;0;2;1;0;4;3;2;5;5;1;4;0;1;1;5;2;11;7;4;1;4;1;1;3;3;7;3;0;5;4;9;2;2;3;7;6;5;5;7;8;7;6;6;9;3;0;1;5;4;4;8;5;2;7;7;4;4;6;9;16;11;9
NR5A2_MOUSE.H10MO.A.bed,0.0368802902056,122,3308,102227,2;2;6;4;2;4;2;2;2;2;2;0;3;2;1;1;3;2;1;2;2;3;0;3;3;2;1;2;1;0;1;0;1;3;1;2;1;0;0;1;0;2;0;0;1;0;1;1;0;0;0;1;0;1;0;0;0;1;2;0;1;1;0;2;1;0;2;1;3;0;1;1;3;3;0;2;3;0;1;0;2;1;3;0;1;2;1;4;0;0;3;5;2;3;2;2;1;2;0;2
RXRG_MOUSE.H10MO.C.bed,0.0366963499364,375,10219,258035,7;7;8;8;8;9;8;7;11;5;4;2;9;12;5;3;7;7;2;7;9;2;6;6;7;10;4;2;4;5;7;1;8;6;4;4;3;2;1;1;0;2;3;1;3;2;1;2;0;3;1;0;0;3;4;1;0;2;5;0;6;3;1;4;5;2;6;7;6;3;7;3;7;7;9;3;6;6;8;6;6;6;6;3;6;6;13;4;6;5;7;5;8;7;7;7;7;10;2;11
PROP1_MOUSE.H10MO.D.bed,0.036231884058,10,276,35767,1;0;0;1;0;0;0;0;0;0;0;0;0;0;0;0;0;0;0;0;0;0;1;0;0;0;0;0;0;0;0;1;0;0;0;0;1;0;0;0;0;0;1;0;0;0;0;0;0;0;0;0;0;0;0;0;0;0;0;0;1;0;0;0;1;0;0;0;0;0;0;0;0;0;0;0;0;0;0;0;0;0;0;0;0;0;0;0;0;0;0;0;0;0;0;1;0;0;0;1
HXC6_MOUSE.H10MO.D.bed,0.0345744680851,13,376,39504,1;0;0;0;0;0;0;0;0;0;1;0;0;2;1;0;0;0;0;0;1;1;1;1;0;0;0;0;1;0;0;0;0;0;0;0;0;0;0;0;0;0;0;0;0;0;0;0;0;0;0;0;0;0;0;0;0;0;0;0;0;0;0;0;0;0;0;0;1;0;1;0;1;0;0;0;0;0;0;1;0;0;0;0;0;1;0;0;0;1;0;0;0;0;0;0;0;0;0;1
BHE41_MOUSE.H10MO.D.bed,0.0338655055636,210,6201,54595,5;0;2;3;3;5;3;4;7;6;5;7;10;6;6;3;8;9;7;5;11;6;8;8;4;4;3;6;1;1;0;0;0;1;2;1;1;1;1;1;1;0;0;1;0;0;0;0;0;0;1;0;1;0;0;0;0;1;0;0;1;1;1;1;1;0;1;0;2;0;0;0;1;2;3;2;9;6;10;6;8;3;12;9;12;8;8;6;6;6;9;5;3;4;4;0;1;0;0;3
CEBPB_MOUSE.H10MO.A.bed,0.0333333333333,4,120,30078,1;0;0;0;0;0;0;0;0;1;1;0;0;0;0;0;0;0;0;0;0;0;0;0;0;0;0;0;0;0;0;0;0;0;0;0;0;0;0;0;0;0;0;0;0;0;0;0;0;0;0;0;0;0;0;0;0;0;0;0;0;0;0;0;0;0;0;0;0;0;0;0;0;0;0;0;0;0;0;0;0;0;0;0;0;0;0;0;0;0;0;0;0;0;0;0;0;0;0;1
ONEC2_MOUSE.H10MO.D.bed,0.0331491712707,18,543,44684,1;0;0;0;0;0;0;0;1;0;0;2;0;1;0;0;1;1;0;0;1;0;0;0;0;0;0;0;0;0;0;1;0;0;0;0;0;1;0;1;0;0;0;2;0;0;0;1;1;0;0;0;0;0;0;0;0;0;0;0;0;0;0;0;0;0;0;1;0;1;0;0;0;1;0;0;0;0;0;0;1;0;2;1;0;1;0;0;0;0;0;0;1;0;0;0;0;0;0;2
FOXO1_MOUSE.H10MO.C.bed,0.0330014224751,232,7030,240254,15;7;4;2;4;3;6;2;2;5;6;3;4;2;5;5;2;3;2;8;5;2;8;6;5;1;1;7;3;6;3;2;4;7;3;4;4;3;0;4;5;0;1;1;2;1;0;0;1;1;0;0;1;3;2;2;1;2;3;3;3;4;1;2;2;2;3;1;1;1;1;10;8;5;5;8;5;12;3;4;2;6;9;4;3;3;3;2;11;4;4;8;2;3;6;2;5;4;6;6
NKX31_MOUSE.H10MO.C.bed,0.031976744186,11,344,39763,2;0;0;0;0;0;0;0;0;0;0;0;0;0;0;1;0;0;0;0;1;0;1;1;0;0;0;0;0;0;0;0;0;0;0;0;0;0;0;0;0;0;0;0;0;0;0;0;0;1;0;0;0;0;0;0;0;0;0;0;0;0;0;0;0;0;0;0;0;0;0;0;0;1;0;0;0;0;0;0;0;0;0;0;0;0;0;0;0;0;0;0;0;0;0;0;0;1;0;1
FUBP1_MOUSE.H10MO.D.bed,0.0318611987382,101,3170,114319,4;3;1;2;1;3;1;0;1;3;5;1;1;1;2;3;2;1;2;3;1;1;7;2;2;2;0;2;1;2;1;1;1;0;0;0;1;2;2;1;1;1;0;0;1;1;1;0;1;0;0;0;1;2;1;0;0;1;1;3;2;1;3;1;0;1;0;1;0;1;0;2;3;2;4;3;1;4;6;3;1;2;3;1;0;1;1;0;4;3;3;5;0;0;2;0;0;3;2;3
FOXJ3_MOUSE.H10MO.A.bed,0.0310786106033,34,1094,60187,2;0;0;0;1;2;0;0;0;1;0;0;1;0;1;1;0;0;0;0;0;0;0;0;0;1;1;0;0;1;0;0;0;0;0;1;0;0;0;1;1;0;1;0;0;0;0;0;0;0;0;0;0;1;2;0;0;0;0;0;0;1;0;0;1;0;0;2;0;1;0;0;0;2;0;2;2;1;0;0;0;3;1;0;1;0;1;1;1;0;2;1;0;0;0;2;1;0;0;1
HXA10_MOUSE.H10MO.C.bed,0.031007751938,4,129,31931,1;0;0;0;0;0;0;0;0;0;0;0;1;0;0;0;0;0;0;0;0;0;0;0;0;0;0;0;0;0;0;0;0;0;0;0;0;0;0;0;0;0;0;0;0;0;0;0;0;0;0;0;0;0;0;0;0;0;0;0;0;0;1;0;0;0;0;1;0;1;0;0;0;0;0;0;0;0;1;0;0;0;0;0;0;0;0;0;0;0;0;0;0;0;0;0;0;0;0;1
FOXM1_MOUSE.H10MO.D.bed,0.0307038261691,130,4234,150478,6;4;0;3;1;1;0;4;1;1;9;2;3;3;3;2;2;0;2;3;3;0;0;4;4;3;3;2;1;1;2;1;3;1;1;0;4;0;3;2;2;1;0;0;0;1;0;0;0;0;1;1;5;2;0;0;2;1;2;0;0;4;2;3;2;1;2;0;0;1;2;3;2;4;5;4;2;2;3;2;5;4;2;0;3;2;3;2;5;2;4;4;2;4;3;5;2;4;1;6
GATA2_MOUSE.H10MO.A.bed,0.0298507462687,8,268,32357,1;0;0;0;0;0;0;0;0;0;0;0;0;0;0;0;0;1;0;0;0;0;0;1;0;0;0;0;0;0;0;0;0;0;0;0;0;0;0;0;0;0;0;0;0;0;0;0;0;0;0;0;0;0;0;0;0;0;0;0;0;0;0;0;0;0;0;0;0;1;0;0;0;0;1;0;0;0;1;0;0;0;1;1;0;0;0;0;0;0;0;0;0;0;0;0;0;0;0;1
HMGA2_MOUSE.H10MO.D.bed,0.0285714285714,2,70,28504,1;0;0;0;0;0;0;0;0;0;0;0;0;0;0;0;0;0;0;0;0;0;0;0;0;0;0;0;0;0;0;0;0;0;0;0;0;0;0;0;0;0;1;0;0;0;0;0;0;0;0;0;0;0;0;0;0;0;0;0;0;0;0;0;0;0;0;0;0;0;0;0;0;0;0;0;0;0;0;0;0;0;0;0;0;0;0;0;0;0;0;0;0;0;0;0;0;0;0;1
HXB6_MOUSE.H10MO.D.bed,0.0281690140845,4,142,31704,1;0;0;0;0;0;0;0;0;0;0;0;0;0;0;0;0;0;0;0;0;0;0;0;0;0;0;0;0;0;0;0;0;0;0;0;0;0;0;0;1;0;0;0;0;0;0;0;0;0;0;0;0;0;0;0;0;0;0;0;0;0;0;0;0;0;0;0;0;0;0;0;0;0;0;0;0;0;0;0;0;0;0;0;0;0;0;0;0;0;0;0;0;0;0;0;0;0;0;1
OTX2_MOUSE.H10MO.C.bed,0.027697726545,173,6246,161451,5;2;2;2;6;2;2;6;0;8;2;2;5;3;4;3;3;3;4;3;2;2;5;4;0;2;3;6;1;1;3;2;3;1;3;2;4;1;4;2;0;1;0;3;3;0;0;0;1;0;0;1;0;0;3;2;0;1;1;4;2;0;2;1;1;5;4;1;3;5;6;5;3;6;6;1;6;6;5;3;2;1;4;2;6;3;7;4;3;4;5;2;2;4;3;6;6;2;3;4
VSX2_MOUSE.H10MO.D.bed,0.0275862068966,4,145,30545,1;0;0;0;0;0;0;0;0;0;0;0;0;0;0;0;0;0;0;0;0;0;0;0;0;0;0;0;0;0;0;0;0;0;0;0;1;0;0;0;0;0;0;0;0;0;0;0;0;0;0;0;0;0;0;0;0;0;0;0;0;0;0;0;0;0;0;0;0;0;0;0;0;0;0;0;0;0;0;0;0;0;0;0;0;0;0;0;0;0;0;0;0;0;0;0;0;0;0;1
MSX3_MOUSE.H10MO.D.bed,0.0274599542334,12,437,40734,1;1;0;1;0;0;0;0;0;1;0;0;0;0;1;0;0;0;0;0;0;0;0;0;0;0;0;1;0;0;0;0;1;0;0;0;0;0;0;0;1;0;0;1;0;0;0;0;0;1;0;0;0;0;0;0;0;0;0;0;0;0;0;0;0;0;0;0;1;0;0;0;0;0;0;0;0;0;0;0;0;0;0;0;0;1;0;0;0;0;0;0;0;0;0;0;0;0;0;2
FOXJ3_MOUSE.H10MO.S.bed,0.0267857142857,123,4592,168214,5;8;2;0;7;0;5;2;1;4;1;4;3;1;2;1;4;1;1;8;4;2;9;5;2;0;5;3;2;5;2;5;4;2;2;3;2;1;0;3;4;0;2;0;3;3;0;0;0;2;0;0;0;2;0;1;2;1;1;1;1;1;3;0;2;2;0;3;1;1;0;2;1;4;5;2;5;5;1;4;1;4;5;1;3;1;3;1;1;4;1;2;1;3;4;5;2;5;3;8
FOXF1_MOUSE.H10MO.D.bed,0.0258823529412,11,425,40192,1;0;0;0;1;2;0;0;0;1;0;0;0;1;0;0;1;0;0;0;0;0;0;0;0;0;0;0;1;0;0;0;0;0;0;0;0;0;0;0;0;0;1;0;0;0;0;0;0;0;0;0;0;0;0;0;0;0;0;0;0;0;0;0;1;1;0;0;0;0;0;1;0;1;0;0;0;0;1;0;1;0;0;1;0;0;0;0;0;0;0;0;0;0;0;1;0;1;0;1
ZFHX3_MOUSE.H10MO.D.bed,0.0255319148936,6,235,34253,1;0;0;0;0;1;0;0;0;0;0;0;0;0;0;0;0;0;1;0;0;0;1;0;0;0;0;0;0;0;2;0;0;0;0;0;0;0;0;0;0;0;0;1;0;0;0;0;0;0;0;0;0;0;0;0;0;0;0;0;0;0;0;0;0;0;0;0;0;0;0;0;0;0;0;0;0;2;0;1;0;0;0;0;0;0;0;1;0;0;0;0;0;0;0;1;0;0;0;1
CEBPA_MOUSE.H10MO.B.bed,0.0253164556962,4,158,31313,1;0;0;0;0;0;1;0;0;0;0;0;0;0;0;0;0;0;0;0;0;0;0;0;0;0;0;0;0;0;0;0;0;0;0;0;0;0;0;0;0;0;0;0;0;0;0;0;0;0;0;0;0;0;0;0;0;0;0;0;0;0;0;0;0;0;0;0;0;0;0;0;0;0;0;0;0;0;0;0;0;0;0;0;0;0;0;0;0;0;0;0;0;0;0;0;0;0;0;1
ARI3A_MOUSE.H10MO.D.bed,0.0250383239653,49,1957,102140,1;0;0;2;4;0;1;0;1;1;1;0;3;2;1;2;0;0;0;0;1;1;1;0;3;2;0;0;0;2;1;0;0;1;1;0;0;0;0;0;0;0;0;0;0;0;0;0;1;0;0;0;1;0;1;0;1;0;1;1;1;0;0;2;0;1;1;2;1;0;0;4;1;0;0;1;1;1;1;2;1;2;0;0;0;1;3;1;0;0;0;0;1;1;1;2;3;3;2;2
FOXC1_MOUSE.H10MO.C.bed,0.0241935483871,6,248,32214,1;0;0;0;0;1;0;0;0;0;0;0;0;0;0;0;0;0;0;0;0;0;0;0;0;0;0;0;0;1;0;1;0;0;0;0;0;0;0;0;0;0;0;0;1;0;0;0;0;0;0;0;0;0;0;0;0;0;0;0;0;0;0;1;0;0;0;0;0;0;0;1;0;0;0;1;0;0;0;1;0;0;0;0;0;0;0;1;0;0;0;0;1;0;0;0;0;0;0;1
HNF6_MOUSE.H10MO.C.bed,0.0210970464135,10,474,45891,1;0;0;0;0;0;0;0;1;0;0;0;1;0;0;2;0;0;0;0;1;0;0;0;0;0;0;0;0;0;0;0;0;0;1;0;0;1;0;0;0;0;0;0;0;0;0;0;0;0;0;0;0;0;0;0;0;0;0;0;0;0;1;0;0;0;0;0;0;0;0;1;0;0;0;0;0;0;0;0;0;0;0;0;0;0;0;0;0;0;0;0;0;0;0;0;0;0;0;1
FOXQ1_MOUSE.H10MO.C.bed,0.020618556701,8,388,38585,1;0;1;0;1;0;0;0;1;0;0;0;0;0;0;0;1;0;0;0;0;0;1;0;0;0;0;0;0;1;0;0;0;0;0;0;0;0;1;0;0;0;0;0;0;0;0;0;0;0;0;0;0;0;0;0;0;0;0;0;0;0;0;0;0;1;0;0;0;0;0;0;0;0;0;0;0;1;0;0;0;0;1;0;0;0;1;0;0;0;0;0;2;0;0;1;0;0;0;2
HXB8_MOUSE.H10MO.C.bed,0.0190476190476,2,105,29834,1;0;0;0;0;0;0;0;0;0;0;0;0;0;0;0;0;0;0;0;0;0;0;0;0;0;1;0;0;0;0;0;0;0;0;0;0;0;0;0;0;0;0;0;0;0;0;0;0;0;0;0;0;0;0;0;0;0;0;0;0;0;0;0;0;0;0;0;0;0;0;0;0;0;0;0;0;0;0;0;0;0;0;0;0;0;0;0;0;0;0;0;0;0;0;0;0;0;0;1
ALX1_MOUSE.H10MO.B.bed,0.0169491525424,3,177,33226,1;0;0;0;0;0;0;0;1;0;0;0;0;0;0;0;0;1;1;0;0;0;1;0;0;0;0;0;0;0;0;0;0;0;0;0;0;0;0;0;0;0;0;0;0;0;0;0;0;0;0;0;0;0;0;0;0;1;0;0;0;0;0;0;0;0;0;0;0;0;0;0;0;0;0;0;0;0;0;0;0;0;0;0;0;0;0;0;0;1;0;0;0;1;0;0;0;0;0;1
TBP_MOUSE.H10MO.C.bed,0.016393442623,1,61,29226,1;0;0;0;0;0;0;0;0;0;0;0;0;0;0;0;0;0;0;0;0;0;0;0;0;0;0;0;0;0;0;0;0;0;0;0;0;0;0;0;0;0;0;0;0;0;0;0;0;0;0;0;0;0;0;0;0;0;0;0;0;0;0;0;0;0;0;0;0;0;0;0;0;0;0;0;0;0;0;0;0;0;0;0;0;0;0;0;0;0;0;0;0;0;0;0;0;0;0;1
LHX3_MOUSE.H10MO.C.bed,0.0143369175627,8,558,46437,2;0;0;0;1;0;0;1;0;1;0;0;0;1;0;1;0;0;0;1;0;0;0;0;2;1;0;1;0;0;0;0;0;0;0;0;0;0;0;0;0;0;0;0;0;0;0;0;0;0;0;0;0;0;0;0;0;0;0;0;0;0;0;0;0;0;0;0;0;1;1;0;0;0;1;0;1;0;0;0;0;0;0;1;0;0;0;0;1;0;0;0;0;1;0;0;0;0;1;1
NR1H2_MOUSE.H10MO.D.bed,0.0141923856724,63,4439,61302,11;7;7;3;8;11;7;7;7;7;9;12;1;4;2;8;1;0;0;2;0;0;1;0;0;0;3;0;0;0;0;0;0;0;0;0;0;0;1;0;0;0;1;0;0;1;1;0;0;0;0;0;0;0;0;1;1;0;0;0;0;0;1;0;0;0;0;1;1;1;1;2;0;0;0;0;0;1;1;1;1;1;0;2;3;3;4;8;7;5;7;8;5;10;4;16;3;11;5;5
