GABPA_MOUSE.H10MO.A.bed,0.567629179331,747,1316,35330,1;0;0;0;0;0;0;0;0;0;0;0;1;0;0;0;0;0;0;0;0;0;0;0;1;0;0;1;0;0;2;2;3;1;3;1;1;0;1;1;4;0;2;2;0;1;1;0;0;0;0;0;1;0;0;0;0;0;1;0;1;0;0;0;0;0;0;0;0;0;0;0;0;0;0;1;0;0;0;0;1;0;0;0;0;1;0;0;0;0;0;0;0;0;0;0;0;0;0;2
ELF1_MOUSE.H10MO.B.bed,0.506472491909,313,618,33753,1;0;0;0;0;0;0;0;0;0;0;0;0;0;0;0;0;0;0;0;0;0;0;0;0;0;0;0;0;1;0;0;0;2;0;2;0;2;1;1;0;0;0;0;2;0;1;0;0;0;0;0;0;1;0;0;0;0;0;0;0;0;0;0;0;0;0;0;0;0;0;0;1;0;0;0;0;0;0;0;0;0;0;0;0;0;0;0;0;0;0;0;1;0;0;0;0;0;0;1
CTCF_MOUSE.H10MO.A.bed,0.490728862974,4208,8575,65376,1;1;3;2;1;0;1;3;1;1;0;0;1;0;2;3;1;2;1;0;0;0;2;0;0;2;1;3;0;0;1;1;4;3;1;4;3;2;0;5;7;1;9;5;9;10;7;10;16;27;19;33;9;4;10;4;4;2;3;6;1;1;5;1;5;2;5;1;4;1;1;1;0;0;1;0;0;2;1;1;1;0;0;2;1;1;1;1;0;2;1;0;1;3;2;0;0;0;0;1
NRF1_MOUSE.H10MO.A.bed,0.481006025675,1836,3817,40109,1;0;0;0;1;0;0;0;0;0;0;0;0;0;0;0;0;0;0;0;0;0;0;0;1;1;0;0;0;0;1;1;1;4;3;1;5;3;5;8;7;4;7;8;7;6;4;4;2;1;1;2;2;2;1;2;1;0;1;1;2;1;0;0;0;1;0;0;0;1;0;0;0;0;0;0;0;0;0;0;0;0;0;0;0;0;1;1;1;0;0;0;4;0;0;0;1;0;0;1
NFYA_MOUSE.H10MO.S.bed,0.472698907956,909,1923,48451,2;1;0;0;0;0;2;0;0;0;0;0;0;0;0;0;0;1;1;0;0;0;0;0;1;0;0;0;0;0;1;0;2;1;1;0;1;0;0;0;0;0;0;0;0;2;1;2;0;1;6;1;4;2;4;4;4;0;0;1;2;0;0;0;1;0;2;1;0;0;0;0;0;0;0;1;0;0;0;0;0;0;0;0;0;0;0;0;1;0;0;0;0;1;0;0;0;0;1;2
FLI1_MOUSE.H10MO.A.bed,0.470758820686,974,2069,41553,1;0;0;1;0;0;0;0;0;0;1;0;0;1;0;0;0;0;0;0;0;0;0;0;1;0;0;0;1;0;0;0;0;0;0;1;0;0;2;1;1;0;1;0;1;7;2;3;2;3;4;1;4;3;4;4;1;2;0;0;1;0;1;0;0;0;2;0;0;0;0;1;0;0;0;1;0;0;2;0;1;0;0;0;0;1;1;0;2;1;0;0;0;0;0;0;0;0;0;1
USF2_MOUSE.H10MO.A.bed,0.467819404419,487,1041,36276,1;0;0;0;0;0;0;0;0;0;0;0;1;1;0;0;0;0;0;1;0;0;2;0;3;2;0;1;2;0;0;2;0;2;1;0;1;2;0;2;0;0;0;0;0;0;1;0;0;0;1;0;0;0;0;0;0;1;0;0;0;0;0;0;0;0;0;0;0;0;0;0;0;0;1;0;0;0;0;0;0;0;0;0;0;0;1;0;0;0;0;0;0;0;0;0;0;0;0;1
NANOG_MOUSE.H10MO.A.bed,0.458388375165,694,1514,47896,2;1;1;1;1;1;2;1;0;0;0;1;1;0;0;0;0;0;0;0;0;2;2;1;0;1;0;1;1;0;1;0;0;0;1;2;0;0;0;1;1;0;0;1;0;0;1;5;2;3;5;10;2;2;4;0;1;1;0;3;0;0;2;1;0;1;0;2;0;0;0;0;0;0;1;1;0;0;1;1;0;3;1;0;0;0;0;1;0;0;0;0;1;0;0;1;0;1;1;1
NFYB_MOUSE.H10MO.A.bed,0.457716196847,958,2093,49849,2;1;0;0;0;0;2;0;0;0;0;1;0;0;1;0;0;1;1;0;0;0;0;0;0;0;0;0;0;0;2;0;2;0;1;0;1;0;0;0;0;1;1;0;0;2;1;4;0;1;5;1;4;3;4;4;3;0;0;1;3;0;0;0;1;1;2;1;0;1;0;0;0;0;1;1;0;0;0;0;0;0;0;0;0;0;0;0;1;0;0;0;0;1;0;0;0;0;1;2
NFYC_MOUSE.H10MO.B.bed,0.450360510261,812,1803,48220,2;2;0;0;0;0;1;0;0;0;0;0;0;0;1;0;0;1;0;0;0;1;0;0;0;0;0;0;0;0;0;0;1;0;1;0;0;0;1;1;0;0;1;1;0;1;1;2;1;0;4;0;3;3;3;3;4;0;0;1;1;1;1;0;1;0;2;1;0;1;0;1;0;0;1;0;0;0;0;0;0;0;0;0;0;0;0;0;1;0;0;0;0;0;0;0;0;0;1;1
CREM_MOUSE.H10MO.C.bed,0.448494453249,283,631,34942,1;0;0;0;0;0;0;0;0;0;0;0;0;0;0;0;0;0;0;0;0;0;0;0;0;0;0;0;0;0;0;0;0;0;0;0;0;0;0;0;0;0;0;0;0;0;1;0;0;0;0;0;0;0;0;0;0;0;0;0;0;0;0;0;0;1;0;0;0;0;0;1;2;0;0;0;0;0;1;0;0;1;1;0;0;0;0;0;0;0;0;0;0;0;0;0;0;0;0;1
GABP1_MOUSE.H10MO.C.bed,0.446531791908,309,692,34619,1;0;0;0;0;0;0;0;0;0;0;0;0;0;0;0;0;1;0;0;0;0;0;0;0;0;0;0;0;0;0;0;1;0;0;0;0;0;0;2;1;1;1;1;2;1;1;0;0;0;2;2;2;0;0;0;0;0;0;0;0;0;0;0;0;0;1;0;0;0;0;0;0;0;0;0;0;0;0;0;0;0;0;0;0;0;0;0;0;0;0;0;0;0;0;0;0;0;0;1
SOX2_MOUSE.H10MO.A.bed,0.441379310345,384,870,42752,1;1;0;0;1;0;0;1;1;1;0;0;0;0;1;0;0;0;0;0;0;0;0;1;0;0;0;0;0;0;1;0;0;0;0;1;0;1;0;1;0;0;1;0;1;0;0;0;0;1;1;3;1;2;2;2;1;1;1;0;0;0;0;0;3;0;0;0;0;0;0;0;0;1;0;0;0;0;0;0;0;1;0;0;0;0;0;0;0;0;0;0;0;0;0;1;0;0;0;1
PO5F1_MOUSE.H10MO.A.bed,0.429240862231,458,1067,46247,1;1;0;0;0;1;0;0;0;3;1;1;0;0;0;1;0;0;0;1;1;2;0;0;0;0;0;1;0;0;0;0;0;0;0;0;0;0;0;0;0;1;0;0;0;2;0;2;0;0;3;3;0;1;1;1;0;1;0;2;0;0;0;1;0;0;0;0;1;0;0;0;0;1;0;0;1;0;0;0;0;0;1;1;0;0;0;0;1;1;1;0;0;0;1;0;0;0;0;2
KLF4_MOUSE.H10MO.C.bed,0.418626707132,2207,5272,50046,1;0;0;0;0;1;0;2;0;0;0;1;2;2;1;1;0;0;0;0;1;1;0;0;0;0;0;1;1;3;2;1;1;1;4;1;2;1;2;6;7;2;7;3;11;7;7;5;7;8;3;9;4;10;5;3;4;2;1;3;3;0;1;3;4;0;1;1;1;0;5;0;1;0;0;0;0;1;0;0;1;0;0;0;0;0;0;0;1;0;0;1;2;0;1;0;1;0;0;2
FOS_MOUSE.H10MO.A.bed,0.407164179104,682,1675,45413,2;0;0;1;0;1;0;0;0;0;0;0;0;1;0;0;0;0;0;0;0;0;1;1;1;0;1;0;0;0;1;0;2;0;0;1;0;0;0;0;0;0;0;0;1;0;1;1;2;2;2;2;4;3;1;0;4;0;1;1;1;0;0;0;1;2;2;0;0;0;0;0;0;1;0;1;0;0;0;0;0;0;0;0;0;1;0;1;0;0;0;0;0;1;0;0;0;0;0;1
FOXI1_MOUSE.H10MO.B.bed,0.402816901408,572,1420,44276,3;0;1;2;1;1;0;1;0;0;0;1;0;1;1;0;0;0;0;0;1;0;0;0;0;0;0;0;0;0;1;0;1;0;0;0;1;0;0;0;0;0;0;0;0;1;1;1;1;2;1;2;3;2;1;0;2;0;1;1;0;0;0;0;1;1;0;1;0;0;1;0;0;1;1;1;0;0;0;0;0;0;0;0;0;1;0;0;0;0;0;0;0;2;0;0;0;0;0;1
ELK4_MOUSE.H10MO.B.bed,0.397660818713,204,513,34526,1;0;0;0;0;0;0;0;0;0;0;0;0;0;0;0;0;0;0;0;1;0;0;0;0;0;0;0;0;0;1;0;0;0;0;0;0;0;0;0;0;0;0;0;0;0;2;0;1;1;0;0;0;1;0;0;0;0;0;0;0;0;0;0;0;0;0;0;0;0;1;0;0;0;0;0;0;0;0;0;0;0;0;0;0;0;0;0;0;0;0;0;0;0;0;0;0;0;0;1
ERG_MOUSE.H10MO.A.bed,0.39349112426,133,338,35083,1;0;0;0;0;0;0;0;0;0;0;0;0;0;0;0;0;0;0;0;0;0;0;0;0;0;0;0;0;0;0;0;0;0;0;0;0;0;0;0;0;0;0;0;0;0;0;0;0;1;1;0;2;0;1;1;0;0;0;0;0;0;0;0;1;0;0;0;0;0;0;0;0;0;0;0;0;0;0;0;0;0;0;0;0;0;0;0;0;0;0;0;0;0;0;0;0;0;0;1
USF1_MOUSE.H10MO.A.bed,0.38188277087,215,563,35001,1;0;0;0;0;0;0;0;0;0;0;0;0;0;0;0;0;1;0;0;0;0;0;0;0;0;0;0;0;0;1;0;0;0;0;1;0;0;0;0;0;0;0;1;0;2;1;3;0;0;1;1;0;1;0;1;0;0;0;1;0;1;0;0;0;0;0;0;1;0;0;0;0;0;0;0;0;0;0;0;1;0;0;0;0;0;0;1;0;0;0;0;0;0;0;0;1;0;0;1
RFX1_MOUSE.H10MO.C.bed,0.375789184738,1369,3643,42888,1;1;1;0;1;0;1;0;0;0;0;1;1;0;0;0;1;1;0;0;0;1;1;0;0;1;0;0;1;1;0;0;1;0;1;0;0;0;1;4;2;1;3;4;3;6;2;3;2;3;4;7;5;11;4;1;2;1;3;3;1;1;3;1;0;4;0;1;1;3;1;0;1;1;1;0;0;0;1;0;2;0;1;0;0;0;0;0;0;0;0;0;1;0;0;0;0;0;0;1
HIF1A_MOUSE.H10MO.A.bed,0.372093023256,80,215,33031,1;0;0;0;0;0;0;0;0;0;0;0;0;0;0;0;0;0;0;1;1;0;0;0;0;0;0;0;0;0;0;0;0;0;0;0;0;0;0;0;0;2;0;0;0;0;0;0;0;0;0;0;0;0;0;0;0;0;0;0;0;0;0;0;0;0;0;0;0;0;0;0;0;0;0;0;0;0;0;0;0;0;0;0;0;0;0;0;0;0;0;0;0;0;0;0;0;0;0;1
TYY1_MOUSE.H10MO.A.bed,0.368090036412,3336,9063,47887,1;0;0;1;0;0;0;0;1;1;0;0;2;1;1;0;2;2;0;1;1;3;6;3;2;5;6;6;5;8;11;8;6;17;9;10;16;10;17;15;16;9;19;10;19;17;15;14;13;15;12;17;13;15;15;12;12;11;7;7;7;8;6;4;5;6;6;2;3;2;2;3;0;2;4;1;1;2;1;2;1;0;0;1;0;0;0;0;0;0;0;0;0;0;0;0;0;0;0;1
CEBPZ_MOUSE.H10MO.D.bed,0.36678700361,508,1385,43587,1;0;0;0;0;0;0;1;0;0;0;0;0;1;0;0;0;0;0;0;1;0;1;0;0;0;0;0;0;0;0;2;0;1;0;2;0;1;0;1;0;0;0;0;0;0;0;0;0;0;3;3;4;3;1;0;4;0;1;1;0;1;1;0;1;2;2;0;1;0;0;0;0;1;0;1;0;0;0;0;0;0;0;1;0;0;0;1;0;0;0;0;0;0;0;1;0;0;0;1
PBX3_MOUSE.H10MO.A.bed,0.35003431709,510,1457,51274,1;1;0;0;0;1;1;0;0;0;0;0;0;0;1;0;0;1;1;0;0;1;0;0;0;0;0;0;0;0;0;1;1;0;0;0;1;0;0;0;0;0;1;0;0;0;0;1;0;0;4;1;5;2;2;1;3;1;0;1;0;1;0;0;1;0;1;1;0;1;0;0;0;0;0;1;0;1;0;0;0;0;0;0;0;0;0;0;1;0;0;0;0;1;0;0;0;0;1;1
ZFX_MOUSE.H10MO.C.bed,0.338696608404,2926,8639,49553,1;0;1;0;1;0;1;1;0;1;0;0;0;0;2;1;0;1;0;1;1;1;1;3;0;0;1;5;3;2;2;2;1;6;3;7;3;6;6;6;4;13;5;13;5;7;15;5;7;10;12;11;15;8;6;7;5;3;8;6;6;5;5;4;5;4;2;7;1;2;1;1;0;2;1;0;0;1;1;2;0;1;0;0;1;0;0;2;0;1;0;1;1;0;0;0;0;0;0;2
MBD2_MOUSE.H10MO.B.bed,0.336622807018,921,2736,35353,1;0;0;0;1;0;0;0;0;0;0;0;0;0;0;1;1;0;0;2;1;3;0;2;1;2;0;5;3;1;2;3;1;0;1;0;3;2;4;1;3;2;1;2;2;2;0;0;2;2;2;2;3;1;0;0;0;1;2;1;2;0;0;0;2;0;2;0;0;1;0;0;0;0;0;0;1;0;0;0;0;0;1;0;0;1;0;0;0;0;0;0;0;0;0;0;0;0;0;1
AP2D_MOUSE.H10MO.D.bed,0.335385729808,926,2761,35426,1;0;1;2;0;0;0;0;1;0;0;0;0;0;0;0;0;0;1;0;0;0;1;0;1;2;0;0;0;0;2;1;1;1;0;0;2;2;1;0;3;1;3;3;1;4;4;4;2;1;2;4;4;3;2;2;3;3;5;1;5;1;2;2;2;2;1;1;0;1;0;0;2;1;0;1;0;1;0;0;0;0;0;0;0;0;0;0;0;0;0;0;0;0;0;0;0;0;0;1
EGR1_MOUSE.H10MO.A.bed,0.333603020496,1237,3708,37390,3;0;0;0;0;0;0;1;0;0;1;0;0;0;0;0;0;1;1;0;0;2;0;1;0;0;1;2;0;1;1;2;0;1;2;1;0;2;3;1;1;3;6;4;7;4;4;2;3;6;3;1;3;5;4;3;2;1;2;2;1;1;1;1;1;0;1;3;1;1;0;0;1;0;0;0;0;0;0;0;1;0;0;0;0;0;0;0;0;1;0;0;0;2;0;0;1;0;0;1
SP1_MOUSE.H10MO.S.bed,0.331080669711,5438,16425,91191,3;1;3;4;3;2;2;1;3;0;2;2;1;3;1;5;3;1;2;5;2;5;5;1;6;8;0;3;4;4;6;16;7;4;4;9;9;7;11;14;12;14;17;19;20;11;24;16;23;18;13;26;23;24;19;16;14;11;10;13;8;7;7;7;9;9;4;8;6;6;4;6;2;3;2;2;1;4;2;1;3;4;0;3;1;1;3;5;1;3;0;2;5;5;4;2;1;3;3;3
REST_MOUSE.H10MO.A.bed,0.327572663001,834,2546,46909,1;1;1;0;0;0;2;0;0;1;0;1;1;1;0;1;2;0;1;0;1;0;0;0;1;2;0;0;0;0;0;0;0;3;2;0;0;1;0;0;0;1;3;2;0;1;1;3;2;5;4;2;2;2;0;2;3;1;1;2;1;1;2;2;0;0;0;0;2;0;0;1;1;0;0;0;0;0;0;1;0;0;0;0;1;0;0;0;0;4;0;0;0;0;0;1;0;0;1;2
SMAD2_MOUSE.H10MO.D.bed,0.326115485564,2485,7620,62706,2;1;0;0;1;1;1;2;1;0;0;1;1;0;0;1;1;1;0;2;2;1;1;0;1;1;1;1;4;1;1;1;8;4;6;10;11;7;5;15;21;11;20;13;16;6;20;16;16;17;16;16;15;21;20;14;13;15;11;8;8;9;7;8;8;10;0;3;5;1;1;2;2;3;0;0;3;0;1;1;2;1;0;0;1;0;0;0;1;0;0;1;0;0;0;0;0;1;0;1
EGR4_MOUSE.H10MO.D.bed,0.322867853796,2067,6402,52420,3;0;2;0;1;0;0;0;3;1;1;0;1;2;1;1;0;2;2;1;0;1;2;1;0;0;1;1;1;1;6;2;1;0;2;2;2;5;5;5;2;2;6;6;4;9;3;5;4;7;10;10;3;10;1;7;6;7;5;5;5;3;3;2;2;3;4;3;0;0;0;4;0;1;1;1;1;1;1;1;0;1;4;2;0;0;1;2;2;0;2;0;0;1;1;1;0;0;0;2
EGR2_MOUSE.H10MO.C.bed,0.319383259912,1160,3632,41376,2;0;0;0;0;0;0;1;0;0;1;0;0;0;0;0;0;1;1;0;0;1;1;1;0;0;1;2;0;0;0;2;0;2;3;1;0;2;5;2;2;4;6;3;6;3;4;2;4;4;2;1;2;4;3;2;1;0;2;2;1;1;1;0;1;0;1;1;1;1;0;0;1;0;0;1;0;0;0;0;2;0;0;0;0;0;0;0;0;2;0;0;0;2;0;0;1;0;0;1
AP2B_MOUSE.H10MO.B.bed,0.318391562294,483,1517,34418,1;0;0;0;0;0;0;0;0;2;1;1;0;0;0;0;1;0;2;0;0;0;0;0;0;0;0;1;0;0;0;0;0;0;1;1;0;2;0;0;0;0;3;0;1;3;1;0;2;2;2;0;0;2;0;2;1;2;0;0;4;2;2;3;0;2;0;2;2;2;2;0;3;0;0;1;2;0;0;0;0;0;0;0;0;0;0;0;0;0;0;0;0;0;0;0;0;0;0;1
BMAL1_MOUSE.H10MO.C.bed,0.315712187959,215,681,36088,1;0;0;0;0;0;0;0;0;1;0;0;1;1;0;0;0;0;0;0;1;0;0;0;0;0;0;0;0;0;0;0;0;0;0;0;0;0;0;0;0;0;0;0;1;0;2;0;0;1;0;1;1;0;1;0;1;0;2;0;0;0;0;2;0;1;0;0;0;0;0;0;0;0;0;0;0;0;0;0;0;0;0;0;0;0;0;0;0;0;0;0;1;0;0;0;0;0;0;1
NFKB2_MOUSE.H10MO.D.bed,0.310344827586,234,754,39277,1;0;2;0;0;0;0;0;1;1;0;0;0;0;0;0;0;0;0;0;0;0;0;0;0;0;0;0;0;0;0;0;0;0;0;0;0;0;1;1;0;0;1;0;0;0;0;1;0;0;0;0;0;1;0;0;0;0;0;0;0;0;0;0;0;0;0;0;0;0;0;0;0;0;0;0;0;0;1;1;0;0;0;0;0;0;0;0;0;0;0;0;1;0;0;0;0;0;0;1
ZN143_MOUSE.H10MO.D.bed,0.307384341637,691,2248,51288,1;0;0;0;0;1;0;0;1;2;0;0;1;0;1;0;0;0;0;0;1;0;0;0;0;1;0;1;1;0;0;0;0;0;1;1;2;0;2;0;0;0;0;2;2;2;0;1;0;2;3;1;3;2;0;1;1;2;1;0;1;2;1;1;0;0;2;0;0;0;0;1;0;0;0;0;0;1;0;0;1;0;1;1;0;1;1;1;0;1;0;0;1;0;1;0;0;0;0;3
HINFP_MOUSE.H10MO.C.bed,0.287671232877,21,73,32707,1;0;0;0;0;0;0;0;0;0;0;0;0;0;0;0;0;0;0;0;0;0;0;0;0;0;0;0;0;0;0;0;0;0;0;0;0;0;0;0;0;0;0;0;0;0;0;0;0;0;0;0;0;0;0;0;0;0;0;0;0;0;0;0;0;0;0;0;0;0;0;0;0;0;0;0;0;0;0;0;0;0;0;0;0;0;0;0;0;0;0;0;0;0;0;0;0;0;0;1
SP4_MOUSE.H10MO.D.bed,0.281808888467,26740,94887,409813,27;12;15;9;26;19;15;17;23;23;15;17;23;29;12;27;19;27;25;24;18;35;19;23;45;28;15;7;19;54;35;80;49;53;38;74;75;66;65;70;119;111;113;129;175;125;124;133;121;139;122;163;110;117;131;119;136;107;104;78;99;89;60;47;110;80;32;53;63;40;22;57;39;45;33;30;4;35;20;42;17;32;21;16;12;13;14;12;12;12;12;10;24;45;23;9;9;11;28;12
E2F2_MOUSE.H10MO.B.bed,0.28125,9,32,31721,1;0;0;0;0;0;0;0;0;0;0;0;0;1;0;0;0;0;0;1;0;1;0;0;0;0;0;0;0;0;0;0;0;0;0;0;0;0;0;0;0;0;0;0;0;0;0;0;0;0;0;0;0;0;0;0;0;0;0;0;0;0;0;0;0;0;0;0;0;0;0;0;0;0;0;0;0;0;0;0;0;0;0;0;0;0;0;0;0;0;0;0;0;0;0;0;0;0;0;1
PAX5_MOUSE.H10MO.D.bed,0.277620396601,294,1059,38416,1;0;0;0;0;0;0;0;0;0;0;0;0;0;0;0;0;0;0;0;0;0;0;0;0;0;0;0;1;0;1;0;0;0;0;0;0;1;0;0;1;0;0;2;0;0;0;2;0;0;0;1;1;0;0;1;0;0;1;0;0;0;0;0;0;1;0;1;0;0;0;0;0;1;0;0;0;0;1;0;0;1;0;0;0;0;0;0;0;0;1;2;0;0;0;0;0;0;0;1
E2F4_MOUSE.H10MO.C.bed,0.274488697524,765,2787,39954,1;1;1;1;0;0;0;0;1;0;0;0;0;0;0;0;0;0;0;0;0;1;1;0;0;0;0;0;1;2;1;1;3;0;3;0;1;1;1;0;2;1;1;0;1;1;3;2;1;4;2;3;3;6;3;1;3;2;3;3;2;1;0;0;0;0;1;0;1;2;0;0;0;4;0;1;0;0;0;2;1;0;0;0;1;0;0;0;0;1;0;1;0;1;0;0;0;0;0;1
NFE2_MOUSE.H10MO.A.bed,0.269387755102,330,1225,46752,1;0;0;0;0;0;0;0;0;0;0;0;0;0;0;0;0;2;0;0;0;0;1;0;1;0;0;1;0;0;0;0;2;0;0;1;3;1;0;0;0;1;1;0;0;1;1;1;3;1;1;2;0;3;1;0;1;1;0;1;0;0;0;0;0;0;1;0;1;0;0;2;0;0;0;1;0;1;0;1;0;0;0;0;0;1;1;1;1;0;1;0;0;2;0;2;0;0;0;2
JUND_MOUSE.H10MO.A.bed,0.265402843602,56,211,35154,1;0;0;0;0;0;0;0;0;0;0;0;0;0;0;0;0;0;0;0;0;0;0;0;0;0;1;0;0;0;0;0;0;0;1;1;0;0;0;1;0;0;0;0;0;1;0;1;0;0;0;0;0;0;0;0;0;0;0;0;0;0;0;0;1;0;1;0;0;0;0;0;0;0;0;0;0;0;0;0;0;0;0;0;0;0;1;0;0;0;0;0;0;0;0;0;0;0;0;1
EHF_MOUSE.H10MO.A.bed,0.263779527559,134,508,37830,1;1;0;0;0;0;0;0;0;0;0;0;0;1;0;0;0;0;0;0;0;1;0;0;0;0;0;0;0;0;0;0;0;0;0;0;1;0;0;0;1;0;0;0;0;1;0;0;0;0;0;0;0;0;0;0;0;0;0;0;0;0;0;0;1;0;0;0;0;0;1;0;0;0;0;0;0;0;0;0;0;0;1;0;1;0;0;0;0;0;0;1;0;0;0;1;0;0;0;2
HES1_MOUSE.H10MO.D.bed,0.256603773585,136,530,34171,1;0;0;0;0;0;0;0;0;0;0;0;0;0;0;0;0;0;0;0;0;0;1;0;0;0;0;0;0;0;0;0;0;0;0;0;0;0;0;0;0;0;0;0;0;0;0;0;0;0;1;1;0;0;1;0;0;0;2;0;0;0;0;0;0;0;0;1;0;0;0;0;0;0;1;0;0;0;1;0;0;0;0;0;0;0;0;0;0;0;0;1;0;0;0;0;0;0;0;1
HEN1_MOUSE.H10MO.C.bed,0.254787676936,612,2402,44181,1;0;0;0;1;0;0;0;0;0;1;1;0;1;1;1;0;0;0;0;1;1;0;0;0;0;0;1;0;0;1;1;0;0;1;0;0;0;0;1;0;3;1;3;2;2;0;1;0;2;3;1;0;0;0;1;5;1;3;2;0;1;1;2;1;1;1;1;1;3;0;0;0;2;0;2;0;0;0;1;0;1;0;0;0;0;1;0;0;0;0;2;0;0;2;0;1;0;0;1
MTF1_MOUSE.H10MO.C.bed,0.252450980392,103,408,34773,2;0;0;0;0;1;0;0;0;0;0;0;0;0;1;0;0;0;0;0;0;0;0;1;0;0;0;0;0;0;1;0;0;0;0;0;0;0;0;1;0;0;1;0;0;0;0;0;2;2;0;0;1;0;0;0;0;0;0;0;1;0;0;0;0;0;0;0;0;0;0;0;0;0;0;0;0;0;0;0;0;0;0;0;0;0;0;0;0;0;0;0;0;0;0;0;0;0;0;1
E2F6_MOUSE.H10MO.A.bed,0.246412131059,910,3693,42642,2;1;1;0;0;1;0;0;0;1;2;0;0;0;0;0;0;0;0;0;1;0;0;0;0;0;3;1;0;1;0;4;2;1;2;2;2;2;2;0;1;3;1;4;3;3;3;5;1;4;6;5;0;2;2;3;2;1;1;2;1;1;1;2;2;1;2;2;0;0;1;2;0;2;1;1;0;2;0;0;0;0;1;0;0;0;0;2;0;0;0;1;0;0;0;1;0;1;0;1
ELK3_MOUSE.H10MO.D.bed,0.243166823751,258,1061,42975,1;0;0;1;1;0;0;0;0;0;2;0;0;0;0;0;1;0;0;0;0;1;0;1;0;0;0;0;0;1;0;0;1;0;0;0;0;0;0;0;0;0;0;0;1;1;1;2;1;3;1;0;0;0;0;0;0;0;0;0;0;2;0;1;1;0;2;0;0;0;0;1;0;0;0;0;0;0;0;1;0;0;0;0;1;0;1;0;0;1;0;0;0;1;1;0;0;0;0;2
KLF1_MOUSE.H10MO.C.bed,0.23782639379,674,2834,53500,3;0;1;0;0;0;0;0;0;2;1;0;0;1;2;1;2;0;0;1;0;0;2;0;1;1;0;0;1;0;1;2;2;0;0;2;2;2;2;2;0;1;1;3;1;3;4;3;4;4;6;3;1;1;0;1;1;0;2;4;0;0;2;1;3;0;1;1;0;1;3;0;1;0;2;0;1;1;0;1;0;1;0;0;1;2;1;1;1;0;0;1;2;0;1;1;1;0;1;2
E2F1_MOUSE.H10MO.A.bed,0.237479806139,147,619,34629,1;0;0;0;0;0;0;0;0;0;0;0;0;0;0;0;0;0;0;0;0;0;0;0;0;0;0;0;0;0;0;0;0;0;1;0;0;0;0;0;0;0;0;1;0;0;0;0;0;0;0;0;0;0;0;0;1;0;0;0;0;0;0;0;1;0;0;0;1;0;0;0;0;0;0;0;0;0;0;0;0;0;0;0;1;0;0;0;0;0;1;0;2;0;0;0;0;0;0;1
MAFA_MOUSE.H10MO.D.bed,0.236803157375,480,2027,44978,1;0;1;1;1;0;0;0;0;2;0;1;0;0;0;0;0;0;0;0;0;0;0;0;0;0;1;1;0;2;1;0;0;1;2;3;0;0;2;2;0;0;0;1;3;2;1;2;1;3;2;2;3;1;1;1;0;0;2;2;0;3;1;0;2;1;1;0;0;0;2;2;0;0;0;2;0;1;2;1;0;0;0;1;0;0;0;0;0;0;0;0;1;0;0;0;0;0;1;1
SP1_MOUSE.H10MO.A.bed,0.231080972635,11518,49844,390989,27;17;16;13;22;9;6;18;17;20;14;11;17;14;7;19;12;21;14;13;17;20;20;22;24;21;12;12;14;21;30;41;25;41;27;33;45;35;35;31;35;43;48;40;68;48;48;39;49;53;46;59;43;54;60;49;49;50;31;31;53;35;27;23;40;41;11;24;29;22;16;27;20;21;11;25;12;28;17;32;12;17;14;11;11;8;11;17;10;8;14;8;17;23;15;8;11;19;28;13
E2F7_MOUSE.H10MO.D.bed,0.23,23,100,32876,1;0;0;0;0;0;0;0;0;0;0;0;0;0;0;0;0;0;0;0;0;0;0;0;0;0;0;0;0;0;0;0;0;0;0;0;0;0;0;0;0;0;0;0;0;0;0;0;0;0;0;0;0;0;0;0;0;0;0;0;0;0;0;0;0;0;0;0;0;0;0;0;0;1;0;0;0;0;0;0;0;0;0;0;0;0;0;0;0;0;0;0;0;0;0;0;0;0;1;1
MXI1_MOUSE.H10MO.C.bed,0.229529335912,356,1551,39096,1;0;0;1;1;0;0;0;1;0;0;0;0;0;0;0;0;0;0;0;0;0;0;1;0;0;0;0;1;1;2;0;3;0;1;0;0;0;0;0;0;0;0;1;0;0;0;1;1;1;0;2;0;2;3;2;0;0;2;1;0;0;0;1;0;1;0;0;1;1;1;0;1;0;0;0;1;0;2;0;0;1;0;1;0;1;0;0;1;1;1;0;0;1;0;0;0;0;0;1
HEY2_MOUSE.H10MO.D.bed,0.228547854785,277,1212,37573,1;1;0;0;0;0;0;0;0;1;0;0;0;0;0;0;0;0;0;0;0;0;0;0;0;0;1;1;3;0;1;0;0;2;2;0;1;0;0;1;0;3;1;2;2;2;0;2;0;2;2;0;2;0;0;0;0;0;1;1;0;0;1;0;1;2;0;1;0;1;0;2;0;0;0;1;0;0;0;0;0;1;2;0;0;0;0;0;0;0;0;0;0;0;0;0;0;1;0;1
ETS2_MOUSE.H10MO.C.bed,0.227464195451,270,1187,41400,1;0;1;0;0;0;0;0;0;0;0;0;0;1;0;0;0;0;1;0;0;0;0;0;0;0;1;0;0;1;0;1;1;0;0;0;0;0;0;0;0;0;0;0;0;0;0;0;0;0;1;0;1;1;1;1;2;1;2;0;1;2;2;0;1;0;0;1;0;1;0;0;1;0;0;1;1;0;1;0;1;2;1;2;0;0;0;0;0;0;0;0;0;0;0;1;0;1;0;2
SP3_MOUSE.H10MO.B.bed,0.227300966049,14635,64386,485616,36;22;18;11;27;13;11;29;25;25;18;14;19;27;11;23;10;31;18;19;27;29;24;26;32;22;20;12;24;29;28;49;26;41;41;49;48;54;43;40;55;60;63;64;86;62;58;54;73;69;61;88;65;70;84;59;58;80;48;43;63;45;41;32;53;52;18;34;40;29;20;43;25;26;20;35;18;34;21;40;15;23;19;18;11;16;20;18;8;11;17;5;22;33;27;9;16;19;32;16
TFDP1_MOUSE.H10MO.D.bed,0.226053639847,59,261,33767,1;0;0;0;0;0;0;0;0;0;0;0;0;0;0;0;0;0;0;0;0;0;0;0;0;0;0;0;0;0;0;0;0;0;1;0;0;0;0;1;0;0;0;0;0;0;0;0;0;0;0;1;0;0;0;0;0;0;0;0;0;0;0;0;0;1;0;0;0;0;0;0;0;0;0;1;0;0;0;0;0;0;0;0;0;0;0;0;0;0;0;0;0;0;0;0;0;0;0;1
RFX3_MOUSE.H10MO.B.bed,0.225731895223,293,1298,46229,1;0;1;0;0;0;1;0;0;1;0;1;0;0;0;0;3;0;0;1;0;0;0;0;0;0;0;0;0;0;0;0;0;0;0;0;0;0;1;2;1;1;1;1;2;0;0;0;3;1;0;0;1;0;0;5;0;0;2;0;1;1;0;0;0;0;0;0;0;0;1;0;0;0;1;2;0;0;0;0;0;0;1;0;1;0;0;0;0;0;0;0;0;0;1;0;0;0;0;1
TWST1_MOUSE.H10MO.D.bed,0.223991507431,211,942,48329,1;0;0;0;0;0;0;0;0;0;0;1;0;0;0;0;0;2;1;0;0;0;0;0;0;0;0;0;1;0;0;0;0;0;0;0;0;1;0;0;0;0;0;0;1;2;1;1;0;0;0;0;0;0;0;0;0;0;0;0;0;0;0;0;0;0;1;1;1;0;0;0;0;0;0;0;1;0;1;1;0;0;0;0;0;1;0;0;0;1;0;0;0;0;0;0;0;1;1;1
YBOX1_MOUSE.H10MO.D.bed,0.223325062035,90,403,35640,1;0;0;0;0;0;0;0;0;0;0;0;0;0;0;0;0;0;0;0;0;0;0;0;0;0;0;0;1;0;0;0;0;0;0;0;0;0;0;0;0;0;1;0;0;0;0;0;0;0;0;0;0;1;0;0;0;0;0;0;0;0;0;0;0;0;0;0;0;0;1;0;0;1;0;0;1;0;0;0;0;0;0;0;0;0;0;0;0;0;0;0;0;0;0;0;0;0;0;1
TF2L1_MOUSE.H10MO.C.bed,0.220869565217,254,1150,39695,1;0;0;1;0;0;0;0;0;0;0;0;0;0;0;0;0;0;1;0;0;0;1;0;0;1;0;0;0;0;0;0;0;0;0;1;0;1;0;0;0;0;0;1;1;1;0;1;1;1;1;1;1;3;1;1;1;1;1;1;0;0;1;0;0;1;0;0;0;1;1;0;0;0;0;0;0;0;1;0;1;0;0;0;0;0;0;0;0;0;0;0;0;0;0;0;0;0;0;1
NFKB1_MOUSE.H10MO.B.bed,0.219977553311,196,891,39007,1;0;0;0;0;0;0;0;1;0;0;3;0;0;0;0;0;0;0;0;0;0;0;0;0;0;0;0;1;0;0;0;0;0;0;0;1;0;0;0;0;1;0;1;0;3;2;0;0;0;1;0;1;0;0;0;0;1;0;1;0;0;0;0;0;1;0;2;0;0;0;1;0;0;0;0;0;1;0;0;0;0;0;0;0;0;0;0;1;0;0;1;1;0;0;0;0;0;0;2
RFX2_MOUSE.H10MO.C.bed,0.216397849462,161,744,39223,2;0;0;1;0;0;1;0;0;0;1;1;1;0;0;0;0;0;0;0;0;0;0;0;1;0;0;0;0;0;0;0;0;0;0;0;0;0;0;0;0;1;0;2;1;1;0;0;0;0;0;1;0;1;1;0;0;1;0;0;1;0;0;0;0;0;0;1;0;0;0;0;0;1;0;0;0;1;0;0;0;0;0;0;0;0;0;0;0;0;0;0;0;0;1;0;0;0;0;1
MYOD1_MOUSE.H10MO.C.bed,0.216381418093,708,3272,54289,3;1;0;0;1;1;1;0;0;1;0;1;2;1;0;0;0;2;1;0;1;0;1;1;1;1;1;0;1;2;1;2;0;1;0;1;2;2;1;1;2;1;4;3;3;5;5;2;1;3;0;3;5;3;3;2;1;4;2;2;7;2;0;1;1;3;1;0;0;0;1;1;2;0;2;2;3;0;0;1;1;0;0;0;0;1;0;1;2;2;0;1;1;1;0;1;1;1;0;1
WT1_MOUSE.H10MO.D.bed,0.216373124592,3317,15330,123803,6;4;2;4;6;1;5;4;3;6;3;5;4;3;2;4;4;5;6;1;5;5;6;4;5;5;4;3;3;6;6;16;5;5;12;8;9;14;10;8;12;16;15;6;10;22;10;10;25;14;11;17;11;18;14;12;15;10;11;11;11;4;7;7;15;9;5;7;8;7;2;6;7;3;5;4;6;6;5;6;5;3;2;5;2;2;6;6;3;4;4;3;5;4;5;7;4;3;2;4
KAISO_MOUSE.H10MO.B.bed,0.216306156406,130,601,36004,1;0;0;0;0;0;0;0;0;0;0;0;0;0;0;0;0;0;1;0;0;0;0;0;0;0;0;0;0;0;0;1;0;1;0;0;0;0;1;0;0;0;1;0;1;0;0;0;0;0;0;0;1;0;0;0;0;0;0;0;0;0;0;2;0;1;1;0;2;0;0;0;0;0;0;0;0;0;1;0;0;0;0;0;0;0;0;0;0;0;0;0;0;0;0;0;0;0;0;1
MAX_MOUSE.H10MO.A.bed,0.212797619048,143,672,36199,1;0;0;1;0;0;0;1;0;2;0;0;0;0;0;0;0;0;0;0;0;0;0;0;0;0;0;0;0;0;0;0;0;0;0;0;0;0;0;0;1;0;0;0;0;0;0;0;1;0;0;0;0;0;0;0;1;0;0;1;0;0;0;0;0;0;0;1;0;1;0;0;1;0;0;0;1;0;0;0;0;0;0;0;0;0;0;0;0;0;0;0;0;0;0;0;0;0;0;1
OLIG2_MOUSE.H10MO.B.bed,0.208537438768,596,2858,55627,1;0;1;0;0;0;2;0;1;1;0;1;1;1;1;1;1;0;1;0;0;1;2;3;1;2;1;0;1;1;0;0;0;1;1;1;2;0;1;3;2;1;1;2;0;3;1;3;4;1;2;3;6;3;2;2;3;2;0;3;2;1;0;0;0;2;1;0;1;0;0;0;2;0;0;2;0;2;1;2;1;1;0;0;0;1;1;1;1;0;0;3;1;1;0;2;0;0;0;1
CEBPD_MOUSE.H10MO.B.bed,0.203389830508,12,59,33391,0;0;0;0;0;0;0;0;0;0;0;0;0;0;0;0;0;0;0;0;0;0;0;0;0;0;0;0;0;0;0;0;0;0;0;0;0;0;0;0;0;0;0;0;0;0;0;0;0;0;1;0;0;0;0;0;0;0;0;0;0;0;0;0;0;0;0;0;0;0;0;0;0;0;0;0;0;0;0;0;0;0;0;0;0;0;0;0;0;0;0;0;0;0;0;0;0;0;0;0
TFCP2_MOUSE.H10MO.D.bed,0.202841357537,257,1267,43273,1;0;0;0;0;1;1;0;0;0;0;0;0;0;0;0;0;0;0;1;0;1;0;2;0;0;0;0;0;1;2;0;0;0;1;0;1;0;0;0;0;1;0;0;1;0;2;0;1;2;1;1;1;0;0;0;0;0;0;0;2;3;1;1;1;0;0;0;1;0;0;0;0;0;2;0;0;1;0;0;0;0;0;1;1;0;0;1;0;0;0;0;1;0;0;0;1;0;0;1
PO3F1_MOUSE.H10MO.C.bed,0.201657458564,73,362,39941,1;0;2;0;0;0;1;0;0;1;0;0;0;0;0;2;0;0;0;0;0;0;0;0;0;0;0;1;0;0;0;0;0;0;0;0;0;1;0;1;0;0;0;0;0;0;0;0;0;0;0;0;0;0;1;0;0;0;0;0;0;0;1;0;0;0;0;1;0;0;0;0;0;0;0;0;0;0;0;0;0;0;0;0;0;0;0;0;0;1;0;0;0;0;0;0;0;0;0;1
ATOH1_MOUSE.H10MO.C.bed,0.20119670905,269,1337,46947,1;0;0;0;0;0;0;1;0;0;1;0;1;0;0;1;0;0;0;0;0;0;1;1;2;0;1;1;0;0;0;0;0;0;0;0;1;0;0;0;0;0;0;1;2;1;1;0;4;3;2;1;0;1;3;1;0;0;1;2;0;0;0;0;0;0;0;0;0;1;0;0;0;1;0;0;0;2;0;0;0;0;0;0;0;0;0;0;1;0;0;0;1;1;1;0;0;0;0;2
BACH1_MOUSE.H10MO.C.bed,0.199551569507,89,446,39150,1;0;0;1;0;0;0;0;0;0;0;0;0;0;0;0;0;0;0;0;0;0;0;0;0;0;0;0;0;0;0;0;0;0;0;0;1;0;0;0;0;0;0;0;0;0;0;0;2;0;0;0;0;0;0;0;0;0;1;0;1;1;0;0;0;0;0;0;0;1;1;0;0;0;2;0;0;1;1;0;0;1;0;0;0;0;0;0;0;0;1;0;1;0;0;0;0;0;0;2
ZBT7A_MOUSE.H10MO.D.bed,0.198107255521,314,1585,41660,2;0;0;0;0;1;1;1;0;0;1;0;0;0;0;0;2;0;0;0;1;0;0;0;0;0;0;0;1;1;1;0;0;1;0;0;1;0;2;0;1;0;2;3;0;0;0;1;2;1;0;1;0;1;1;0;0;0;1;1;3;0;2;0;1;0;0;2;0;2;0;1;0;0;0;0;1;0;1;0;1;0;0;0;0;1;0;0;1;0;1;1;0;0;0;2;0;0;0;2
MAFK_MOUSE.H10MO.S.bed,0.197599261311,214,1083,45781,1;1;0;0;0;0;0;0;0;0;0;1;0;1;0;0;1;0;0;0;0;1;0;1;0;1;0;0;0;0;0;1;1;0;0;2;1;0;1;0;0;1;0;0;1;1;0;2;2;3;1;1;2;0;1;1;1;0;0;1;0;0;0;0;0;1;0;0;0;0;1;0;0;0;1;0;0;2;1;0;0;0;0;0;1;1;1;1;0;1;0;1;0;0;1;0;0;0;1;1
NFYA_MOUSE.H10MO.D.bed,0.193127962085,326,1688,50963,2;0;0;0;0;0;0;0;0;0;0;0;0;0;1;1;0;1;0;0;0;0;0;0;0;0;0;0;0;0;0;0;0;2;0;0;0;0;0;1;2;1;0;0;0;0;1;0;1;1;1;0;0;1;0;0;1;1;0;0;0;0;0;1;0;0;1;0;0;0;0;0;0;0;1;1;2;1;1;0;1;0;0;0;0;0;0;0;1;0;0;1;0;0;0;0;1;0;0;2
NF2L2_MOUSE.H10MO.D.bed,0.189839572193,213,1122,45623,1;0;0;0;0;0;0;0;0;0;0;1;0;1;0;0;1;1;0;0;1;1;0;1;1;1;0;0;0;0;0;1;1;0;0;2;1;0;0;0;0;1;0;0;0;2;0;1;3;2;1;1;2;0;1;1;0;1;0;1;0;0;0;0;0;1;0;1;0;0;1;0;0;0;1;0;0;2;1;0;0;0;0;0;1;1;1;1;0;1;0;2;0;0;2;0;0;0;1;1
MYOG_MOUSE.H10MO.C.bed,0.1875,357,1904,51256,1;0;0;0;0;0;0;0;0;0;0;1;0;0;1;0;0;1;1;1;0;1;0;2;0;0;0;0;0;0;0;0;2;0;1;1;0;2;0;0;0;1;0;0;1;1;3;1;2;3;1;1;0;1;1;3;0;1;0;0;0;0;0;0;0;1;2;0;0;1;0;2;1;1;0;0;2;1;2;0;1;0;0;0;0;1;1;1;0;0;0;1;0;0;0;2;0;0;0;2
INSM1_MOUSE.H10MO.C.bed,0.185146443515,177,956,39604,1;0;0;0;0;0;2;0;0;2;0;0;0;0;0;1;0;0;0;0;1;0;0;0;0;0;1;0;0;0;0;0;0;0;0;0;0;0;0;3;0;0;0;0;0;0;0;0;1;0;1;0;1;0;0;0;0;1;0;0;0;0;0;0;0;0;0;0;0;1;0;1;1;0;0;0;0;0;1;0;0;0;0;0;0;0;0;1;0;1;0;0;0;0;0;0;0;0;2;1
FOSL2_MOUSE.H10MO.A.bed,0.183431952663,62,338,36733,1;0;0;0;0;0;0;0;0;0;0;0;0;0;0;0;0;0;0;0;0;0;0;0;0;0;0;0;1;0;0;0;0;0;1;0;0;0;0;1;0;0;1;0;0;1;0;0;0;0;0;0;0;0;0;0;0;0;0;0;0;0;0;0;0;0;1;0;0;0;0;0;0;0;0;0;1;0;0;0;0;0;0;0;0;0;0;0;0;0;0;0;0;0;0;0;0;0;0;1
SPZ1_MOUSE.H10MO.D.bed,0.182844243792,81,443,35431,1;0;0;0;1;0;0;0;0;0;0;1;0;0;0;0;0;0;0;0;0;0;0;0;0;0;0;0;0;0;0;1;0;0;0;0;0;0;1;0;0;0;0;0;0;0;1;0;2;0;0;0;0;0;2;0;0;0;1;0;1;0;1;0;0;0;0;0;0;0;1;0;0;0;0;0;0;0;0;0;0;0;0;1;2;0;0;0;0;0;0;0;0;0;0;0;0;0;0;1
KLF3_MOUSE.H10MO.D.bed,0.180992313068,259,1431,46704,1;0;0;1;0;1;0;1;0;0;0;0;0;1;0;0;0;0;1;0;0;0;0;0;0;0;0;0;0;0;1;0;0;1;0;1;0;2;0;1;0;0;0;0;1;2;0;1;2;0;3;0;2;0;0;0;1;0;0;0;0;0;0;0;0;0;1;0;0;0;0;1;0;3;1;0;3;0;0;0;1;0;0;0;0;0;0;1;1;0;1;0;0;0;0;1;1;2;0;1
JUNB_MOUSE.H10MO.B.bed,0.177304964539,75,423,39074,1;0;0;0;0;0;0;0;0;0;0;0;0;0;0;1;0;0;0;0;0;1;0;0;0;0;0;0;0;0;0;0;0;1;1;0;0;0;0;0;0;0;0;0;0;0;0;0;1;0;0;0;0;0;0;0;0;0;0;0;0;0;0;0;0;0;0;0;0;0;1;1;0;0;0;0;1;0;0;0;0;0;0;0;0;1;0;0;0;1;0;0;0;0;0;0;0;0;0;1
FOSB_MOUSE.H10MO.C.bed,0.177304964539,75,423,39074,1;0;0;0;0;0;0;0;0;0;0;0;0;0;0;1;0;0;0;0;0;1;0;0;0;0;0;0;0;0;0;0;0;1;1;0;0;0;0;0;0;0;0;0;0;0;0;0;1;0;0;0;0;0;0;0;0;0;0;0;0;0;0;0;0;0;0;0;0;0;1;1;0;0;0;0;1;0;0;0;0;0;0;0;0;1;0;0;0;1;0;0;0;0;0;0;0;0;0;1
HTF4_MOUSE.H10MO.C.bed,0.176727909011,202,1143,45272,1;0;0;0;0;0;0;0;0;1;0;0;0;0;0;0;2;0;0;0;0;0;0;0;0;0;0;0;0;0;2;1;0;0;0;1;0;0;0;1;1;0;0;0;2;1;1;0;0;0;0;1;0;0;0;0;0;0;0;0;1;1;1;2;0;0;0;1;0;1;1;0;0;1;1;0;0;0;0;0;0;0;0;0;1;1;1;0;0;0;1;0;0;1;0;0;1;0;0;2
TLX1_MOUSE.H10MO.S.bed,0.175152749491,86,491,36606,1;0;0;0;1;0;0;0;0;0;0;0;0;0;0;1;1;0;0;0;0;0;1;0;0;0;0;0;0;0;0;0;0;0;0;0;0;0;0;0;0;0;0;0;0;0;0;1;0;0;0;0;0;0;0;0;0;0;1;0;0;0;0;0;0;0;0;0;0;0;0;1;0;0;0;0;0;0;0;0;0;0;0;0;1;0;0;0;0;0;1;0;0;0;0;0;0;0;0;1
EGR3_MOUSE.H10MO.D.bed,0.173306772908,87,502,38661,1;0;0;0;0;0;0;0;0;0;0;0;0;0;0;0;0;0;0;0;0;1;0;0;0;0;0;0;1;0;0;0;0;0;1;0;0;0;0;0;0;0;0;0;0;0;0;0;1;0;1;0;0;0;0;1;0;0;0;0;1;1;0;0;0;0;0;0;0;0;0;0;0;0;0;0;0;2;0;0;0;0;0;0;0;0;0;0;0;0;0;0;0;0;0;0;0;0;1;1
MLXPL_MOUSE.H10MO.D.bed,0.172818791946,103,596,37444,1;0;0;0;0;1;0;0;0;0;0;0;0;1;0;0;2;0;0;0;0;0;0;0;0;0;0;0;0;0;0;0;1;0;0;0;1;0;0;0;1;0;0;0;1;0;0;0;0;0;0;0;1;0;0;0;0;0;0;0;0;0;0;0;1;0;0;0;0;0;0;1;0;0;0;0;1;0;0;0;1;0;0;0;0;0;0;0;0;0;0;0;0;0;0;0;0;0;0;1
FOSL1_MOUSE.H10MO.C.bed,0.1725,69,400,37597,1;0;0;0;0;0;1;0;0;0;0;1;2;0;0;0;0;0;0;0;0;0;0;0;0;0;0;0;0;0;0;0;0;0;1;0;1;0;0;0;0;1;1;0;0;1;0;0;0;0;1;1;1;0;1;0;0;0;0;0;0;0;0;0;0;0;0;1;1;0;0;0;0;0;0;0;0;0;0;0;0;0;0;0;0;0;1;0;0;0;0;0;0;0;0;0;0;1;1;1
PAX2_MOUSE.H10MO.D.bed,0.171428571429,30,175,34909,1;0;0;0;0;1;0;0;0;0;0;0;0;0;1;0;0;0;0;0;0;0;0;0;0;0;1;0;0;0;0;0;0;1;0;0;0;0;0;0;0;0;1;0;0;0;0;0;0;0;1;0;0;0;0;0;0;0;0;0;0;0;0;0;0;0;0;0;0;0;0;0;0;0;0;0;0;0;0;0;0;0;0;0;0;0;0;0;0;0;0;0;0;0;0;0;1;0;0;1
ZEP2_MOUSE.H10MO.D.bed,0.171186440678,101,590,36345,1;0;0;0;0;0;1;0;0;0;0;0;0;0;1;0;0;0;0;0;0;0;0;0;1;0;0;1;0;0;0;0;0;0;0;0;0;1;0;0;0;0;1;0;0;0;2;0;0;0;1;0;0;0;1;0;0;0;0;0;0;0;0;0;0;0;0;0;0;1;0;0;0;0;1;0;0;0;1;0;0;1;0;1;0;0;0;0;0;0;0;0;0;0;0;1;0;0;0;2
GCM1_MOUSE.H10MO.D.bed,0.169934640523,26,153,33825,1;0;0;0;0;0;0;0;0;0;0;0;0;0;0;0;0;0;0;0;0;0;0;0;0;0;0;0;0;0;0;1;0;0;0;0;0;0;0;0;0;0;0;0;0;0;0;0;0;0;1;1;0;0;0;0;0;0;0;0;0;0;0;0;0;0;0;0;0;0;0;0;0;0;0;0;0;0;0;0;0;0;0;0;0;0;0;0;0;0;0;0;0;0;0;0;0;0;0;1
SOX3_MOUSE.H10MO.C.bed,0.1689453125,173,1024,44233,1;0;0;0;0;1;0;1;1;1;1;0;0;1;0;0;1;0;0;1;0;1;0;0;0;0;0;0;0;0;0;1;0;1;0;0;0;0;0;1;0;0;0;0;0;0;1;1;1;0;0;0;0;0;0;0;0;0;0;0;0;0;0;0;0;1;1;0;1;0;0;1;0;0;0;0;0;0;0;0;0;0;0;0;0;1;0;0;1;0;0;0;0;0;0;0;0;0;1;1
TF65_MOUSE.H10MO.S.bed,0.166902404526,118,707,39595,1;0;0;0;0;1;0;0;1;0;0;0;1;1;0;0;0;0;0;0;0;0;0;0;0;0;0;1;0;0;0;0;0;0;0;0;2;0;1;0;0;0;1;1;0;0;1;0;0;0;0;0;0;1;0;0;0;0;3;0;0;0;0;0;0;0;0;0;1;0;0;0;0;0;1;1;0;1;0;0;0;0;1;1;0;0;0;0;1;0;0;0;0;0;0;0;0;0;0;2
IRF9_MOUSE.H10MO.C.bed,0.166233766234,64,385,36982,2;0;0;0;0;0;0;1;0;0;1;0;0;1;0;0;0;1;0;0;0;0;1;0;1;0;0;0;0;0;0;0;0;0;0;0;0;0;0;0;0;0;0;0;0;0;1;0;0;2;0;0;0;0;1;1;0;0;0;0;0;0;0;0;0;0;0;1;0;0;1;0;1;0;0;0;0;0;0;0;0;0;0;0;0;0;2;0;0;0;0;0;0;0;0;0;0;0;0;2
HESX1_MOUSE.H10MO.D.bed,0.164670658683,55,334,34889,1;0;0;0;0;0;0;0;0;0;0;1;0;0;0;0;0;0;0;1;1;0;0;0;0;0;0;0;0;0;0;0;0;0;0;0;0;0;0;0;0;0;0;0;0;0;0;0;0;0;1;0;1;0;0;0;0;0;0;0;0;0;0;0;0;0;0;0;0;0;1;0;0;0;0;0;0;0;0;0;0;0;1;0;0;0;0;0;1;0;0;0;0;0;0;1;0;0;0;1
RARG_MOUSE.H10MO.C.bed,0.164002779708,236,1439,47380,1;0;1;1;2;0;1;0;1;0;0;0;0;0;1;1;0;0;0;0;0;0;0;0;0;0;1;1;1;1;0;1;0;1;0;0;0;2;0;0;1;0;0;1;1;0;0;2;0;0;2;0;0;1;1;1;0;1;0;0;1;1;1;1;1;0;1;0;1;1;2;1;0;0;0;1;0;0;0;0;0;0;0;2;1;0;0;0;1;0;0;0;0;0;0;0;0;0;0;2
P73_MOUSE.H10MO.D.bed,0.162751677852,194,1192,41462,1;0;1;1;0;0;0;0;0;2;0;1;0;1;0;0;0;0;0;0;0;0;0;0;0;1;0;2;0;0;1;2;1;1;0;0;0;1;1;1;0;0;0;0;0;0;0;1;0;0;0;1;0;0;0;1;0;0;1;0;1;0;0;0;0;0;1;1;0;0;0;0;1;0;0;0;1;0;0;0;0;0;0;1;1;1;0;0;0;0;0;0;0;0;0;0;0;0;0;1
CUX1_MOUSE.H10MO.C.bed,0.162393162393,19,117,33606,1;0;0;0;0;0;0;0;0;0;0;0;0;0;0;0;1;0;0;0;0;0;0;0;0;0;0;0;0;0;0;0;0;0;0;0;0;0;0;0;0;0;0;0;0;0;0;0;0;0;0;0;0;0;0;0;0;0;0;0;0;0;0;0;0;0;0;0;0;0;0;0;0;0;0;0;0;0;0;0;0;0;0;0;0;0;0;0;0;0;0;0;0;0;0;0;0;0;0;1
TLX1_MOUSE.H10MO.D.bed,0.160796324655,105,653,39119,2;0;0;0;0;0;0;0;1;0;0;0;0;0;0;0;0;0;0;0;0;0;0;0;0;0;0;0;1;0;0;0;0;1;0;0;0;0;0;0;0;1;0;0;0;0;0;0;1;0;0;1;3;0;0;0;0;2;0;1;0;0;0;0;0;0;0;0;1;0;0;0;0;0;0;0;0;0;0;0;0;0;0;0;0;0;0;1;0;0;0;1;0;0;0;0;0;0;0;1
PLAG1_MOUSE.H10MO.D.bed,0.160186625194,927,5787,90611,6;6;2;0;2;0;2;1;3;1;1;1;1;3;2;3;3;0;0;1;2;1;2;4;2;1;3;1;1;3;3;1;2;9;5;2;3;1;0;5;5;3;3;5;2;4;4;6;2;3;6;0;9;5;6;1;2;3;6;3;3;5;2;3;4;4;3;2;6;3;3;3;4;1;1;1;0;2;4;1;2;1;3;1;2;1;1;1;4;2;1;2;2;0;3;2;0;1;2;2
MAFK_MOUSE.H10MO.A.bed,0.157654226961,207,1313,48198,1;0;0;0;0;0;0;0;0;0;0;2;0;0;0;0;1;0;1;0;0;0;0;0;0;1;1;0;1;0;1;0;0;0;0;2;1;0;0;0;0;0;0;2;1;4;2;0;1;0;0;1;0;1;3;0;0;1;0;0;0;0;0;0;0;0;0;0;0;1;1;0;0;0;0;0;0;1;1;0;0;0;0;0;1;0;0;1;0;2;0;1;0;1;1;0;1;1;2;2
ELF2_MOUSE.H10MO.C.bed,0.157205240175,180,1145,48106,2;1;0;0;0;0;0;0;0;0;1;0;1;0;0;1;1;0;1;0;0;0;0;0;0;1;0;1;2;1;1;0;1;0;0;1;0;0;0;2;1;0;0;0;0;0;1;1;1;0;0;0;1;0;2;0;0;0;1;1;0;0;0;1;0;0;0;1;1;0;2;1;0;0;0;0;0;0;0;1;0;0;0;0;0;0;0;0;0;1;0;0;0;0;0;1;0;0;1;1
SOX9_MOUSE.H10MO.B.bed,0.156069364162,81,519,41631,1;0;0;0;0;0;0;0;0;0;0;0;0;0;0;1;2;0;0;0;0;0;0;0;0;0;0;0;0;0;0;0;1;0;0;0;0;0;0;0;0;0;0;0;0;0;0;0;0;0;0;0;0;1;0;0;0;1;0;0;1;0;0;0;1;0;0;0;1;0;0;0;0;1;0;0;0;0;0;0;0;1;0;0;0;1;1;0;0;0;0;0;0;0;0;0;0;0;0;1
ARNT2_MOUSE.H10MO.D.bed,0.155427103404,242,1557,37464,1;0;0;0;0;0;0;0;0;0;0;0;0;0;1;0;0;2;0;1;1;0;0;0;0;2;0;1;0;0;0;2;2;0;0;1;0;1;0;0;1;0;0;2;1;2;0;1;0;2;0;2;1;1;0;1;1;0;0;1;0;2;1;1;0;1;0;0;4;2;2;0;1;0;3;1;1;0;1;0;1;0;0;0;0;0;0;0;1;0;0;0;0;0;1;0;0;0;0;1
TEAD1_MOUSE.H10MO.D.bed,0.154189944134,138,895,42400,1;0;0;0;0;0;1;0;0;1;0;0;0;0;1;0;0;1;0;0;0;1;0;0;0;0;0;0;0;0;0;0;0;0;0;1;1;0;0;0;1;0;0;1;0;0;0;0;0;1;0;0;0;0;0;0;1;0;0;0;1;0;0;0;0;0;0;1;0;0;0;1;0;0;0;0;0;0;0;1;0;0;1;0;0;0;0;0;0;0;0;0;0;1;1;0;0;2;0;1
RARA_MOUSE.H10MO.C.bed,0.153260869565,141,920,43205,3;0;0;0;0;0;0;0;0;0;0;0;0;0;0;0;0;0;0;0;1;2;0;0;0;0;1;0;0;1;0;0;0;0;0;0;0;0;1;0;0;0;1;0;0;1;0;1;0;1;1;0;0;0;0;1;0;0;1;1;0;0;0;0;0;0;1;0;0;0;0;0;0;1;1;0;0;1;0;0;0;0;1;0;0;0;1;1;0;0;0;0;0;0;0;0;0;0;1;1
PAX8_MOUSE.H10MO.D.bed,0.152941176471,52,340,35468,1;0;0;0;0;0;0;0;0;0;1;0;0;1;0;0;0;0;0;0;0;0;0;0;0;0;0;0;0;0;0;0;0;0;0;0;1;0;0;0;0;0;0;0;0;0;0;0;0;0;0;0;0;1;1;0;0;0;0;0;0;0;0;0;0;0;0;0;1;0;0;0;0;0;0;0;0;0;0;0;0;0;0;0;0;1;0;1;0;0;0;0;0;0;0;1;0;0;0;1
NKX21_MOUSE.H10MO.D.bed,0.151986183074,88,579,38715,1;0;1;0;0;0;0;0;1;0;1;0;0;0;0;0;1;0;0;0;1;0;1;0;0;0;0;0;0;0;0;0;0;0;0;0;0;0;0;0;0;0;0;0;0;1;0;0;1;0;0;0;0;0;0;0;0;0;0;1;0;0;0;0;0;0;1;0;0;0;0;0;0;0;0;0;0;0;0;0;0;0;0;0;0;0;0;1;0;0;0;0;0;0;0;0;0;0;0;1
SOX4_MOUSE.H10MO.C.bed,0.151919866444,91,599,39016,1;0;0;0;0;0;0;0;0;0;0;0;0;0;0;0;0;0;0;0;0;1;0;0;1;0;0;1;1;0;0;0;0;0;0;0;0;0;1;0;0;0;0;0;0;1;1;0;0;0;1;1;0;0;0;0;0;0;0;0;0;0;0;0;0;0;0;0;0;0;0;0;0;0;0;0;0;0;0;0;0;0;0;0;1;0;0;0;0;0;0;1;0;0;0;0;0;0;0;1
NFIA_MOUSE.H10MO.C.bed,0.151088348271,118,781,41063,1;0;0;0;0;0;0;0;0;0;1;0;1;0;0;0;0;0;1;0;0;0;0;0;0;1;0;0;1;0;0;0;0;0;0;0;0;0;0;0;0;0;0;0;0;1;0;0;0;0;1;0;0;0;0;0;0;0;0;0;0;0;1;1;1;0;0;0;0;0;0;0;1;0;0;0;0;0;0;0;0;0;0;0;0;0;0;0;0;0;0;0;0;0;0;0;0;0;0;2
ZBTB6_MOUSE.H10MO.D.bed,0.150190114068,79,526,37604,1;1;0;0;0;1;0;0;0;0;0;0;0;1;0;0;0;0;1;0;0;0;0;0;0;0;0;0;1;0;0;0;0;0;0;0;0;0;0;1;0;0;0;1;0;0;0;0;0;0;0;0;0;0;0;0;0;0;0;0;0;0;0;0;0;0;1;0;0;0;1;0;0;0;0;0;0;0;0;0;0;1;0;0;2;0;0;0;0;0;0;0;0;0;0;0;0;0;0;1
NR1H4_MOUSE.H10MO.C.bed,0.15,84,560,38982,1;1;0;0;0;0;0;0;0;2;0;0;0;0;1;0;0;0;0;1;0;0;0;0;0;1;0;0;0;1;0;1;0;0;0;1;0;0;0;0;0;0;0;0;0;0;0;0;0;0;0;0;1;0;0;0;0;0;1;0;1;0;0;0;0;0;0;0;0;1;0;0;0;1;0;0;1;0;0;0;0;0;0;0;1;0;0;0;0;0;0;0;1;0;0;0;0;0;0;2
DBP_MOUSE.H10MO.B.bed,0.15,15,100,34752,1;0;0;0;0;0;0;0;0;0;0;0;0;0;0;0;0;0;0;1;0;0;0;0;0;0;1;0;0;0;0;0;0;0;0;0;0;0;0;0;0;0;0;0;0;0;0;0;0;0;0;0;0;0;0;0;0;0;0;0;0;0;0;0;0;0;0;0;0;0;0;0;0;0;0;0;0;0;0;0;0;0;0;0;1;0;0;0;0;0;0;0;0;0;0;0;0;0;0;1
E2F3_MOUSE.H10MO.B.bed,0.148148148148,4,27,30153,0;0;0;0;0;0;0;0;0;0;0;0;0;0;0;0;0;0;0;0;0;0;0;0;0;0;0;0;0;0;0;0;0;0;0;0;0;0;0;0;0;0;0;0;0;0;0;0;0;0;0;0;0;0;0;0;0;0;0;0;0;0;0;0;0;0;0;0;0;0;0;0;0;0;0;0;0;0;0;0;0;0;0;0;0;0;0;0;0;0;0;0;0;0;0;0;0;0;0;0
SP2_MOUSE.H10MO.C.bed,0.146098751347,2305,15777,159252,12;3;7;0;5;2;3;9;9;5;2;3;10;2;1;6;0;9;2;7;6;5;4;16;17;8;5;2;5;5;1;8;15;13;7;4;10;10;11;4;2;17;6;9;18;6;12;1;8;5;6;11;5;11;3;6;7;20;3;6;11;4;12;5;13;9;7;9;8;10;6;11;6;6;6;8;3;9;9;19;3;4;13;9;2;12;10;2;1;2;4;0;6;5;3;4;8;7;23;7
STAT3_MOUSE.H10MO.B.bed,0.146042363434,131,897,41840,1;0;1;1;0;0;0;0;0;0;0;0;0;0;1;0;0;0;0;0;0;0;0;1;0;0;0;0;3;0;1;0;0;0;1;0;0;0;1;0;0;0;0;1;0;1;1;0;0;0;0;0;0;0;0;0;0;1;1;0;0;0;1;0;0;0;0;0;0;0;0;0;0;0;0;0;0;1;0;0;0;1;0;0;0;0;0;0;1;0;0;1;0;1;0;1;0;0;0;2
VDR_MOUSE.H10MO.C.bed,0.14262295082,87,610,38213,1;0;0;0;0;0;0;0;0;0;0;0;0;0;0;1;0;0;0;0;0;0;0;0;0;0;0;0;0;0;0;0;0;0;0;0;1;0;0;0;0;0;0;1;0;0;1;0;0;0;0;0;0;0;0;0;0;0;0;1;0;1;0;0;0;0;0;0;0;0;0;0;0;0;0;0;1;0;1;0;0;0;0;0;0;0;0;0;0;0;0;0;1;0;1;0;0;2;0;1
GLIS3_MOUSE.H10MO.D.bed,0.141935483871,88,620,36294,1;0;0;0;0;0;0;0;0;0;0;0;0;0;0;0;0;0;1;0;0;0;0;1;0;0;0;1;0;0;0;0;0;0;0;0;0;0;0;0;0;0;0;0;2;0;0;0;2;0;0;0;0;0;0;0;0;0;0;0;0;0;0;2;0;0;0;0;1;0;0;0;0;0;0;1;0;1;0;1;0;0;0;0;0;0;0;0;0;0;0;1;1;0;0;0;0;0;0;1
IRF2_MOUSE.H10MO.C.bed,0.1393728223,80,574,40590,1;0;0;1;0;1;0;0;1;0;0;0;0;0;1;0;0;0;3;0;0;0;0;1;1;0;0;2;0;0;0;0;0;0;2;0;0;0;0;0;0;1;0;0;1;1;0;0;0;0;0;0;0;1;0;0;0;0;0;0;0;0;0;1;0;0;0;0;0;0;0;0;0;0;0;0;0;0;0;0;0;0;0;0;0;0;0;0;0;0;0;1;0;0;1;0;0;0;0;1
GLI2_MOUSE.H10MO.B.bed,0.137888198758,111,805,42053,1;0;0;0;0;0;0;1;0;0;0;0;0;0;0;1;0;0;0;0;0;0;0;0;0;0;0;0;0;0;0;0;0;0;0;0;0;0;0;0;0;0;0;0;0;0;0;1;0;0;1;0;1;0;0;0;0;0;0;0;0;0;0;0;0;0;0;0;0;1;0;1;0;0;0;0;0;0;0;0;0;0;0;0;0;0;0;0;0;0;0;1;0;0;0;0;1;0;0;1
ESR1_MOUSE.H10MO.B.bed,0.137774413323,182,1321,44915,1;0;0;0;0;1;0;1;0;1;0;0;0;2;3;1;0;0;1;0;1;0;0;0;1;0;1;0;2;0;0;0;0;0;1;0;0;0;0;1;0;0;0;0;0;1;2;0;0;1;2;0;2;0;0;0;0;1;0;0;0;0;0;0;2;0;1;0;1;1;0;0;1;2;0;0;0;0;0;0;0;0;0;1;1;1;0;1;0;1;0;0;1;1;1;2;1;0;1;2
RELB_MOUSE.H10MO.C.bed,0.137179487179,107,780,40858,1;0;0;0;0;0;0;1;1;0;0;1;0;0;0;0;0;0;0;1;0;0;0;0;1;0;1;1;0;0;0;0;0;0;0;0;0;0;0;0;0;0;0;1;0;0;1;0;1;0;0;0;0;0;0;1;0;0;0;0;1;2;0;0;0;0;0;0;0;0;0;2;0;0;0;1;0;0;2;2;0;0;1;0;0;0;0;0;0;0;0;0;0;0;1;2;0;0;0;1
ANDR_MOUSE.H10MO.B.bed,0.135699373695,65,479,39813,1;0;0;1;1;0;1;0;0;1;0;0;0;0;0;0;1;0;0;0;0;1;0;1;0;0;1;0;0;0;0;0;0;0;0;0;0;0;0;0;0;0;0;0;0;1;0;0;0;0;0;0;0;0;0;0;0;0;0;0;0;0;0;0;0;0;0;0;1;0;0;0;1;0;0;0;0;0;0;0;0;1;0;0;0;1;0;0;0;0;0;0;0;0;0;1;0;0;2;2
KLF15_MOUSE.H10MO.D.bed,0.135603092238,2561,18886,194390,6;5;7;4;8;6;1;11;4;9;8;5;6;8;5;9;9;11;6;3;6;6;10;15;13;5;6;3;9;13;5;14;13;13;9;16;15;11;11;8;12;10;10;10;20;16;6;8;11;7;11;15;5;14;9;13;13;23;2;10;18;9;15;10;12;12;5;9;3;12;6;13;15;6;9;13;8;9;6;16;5;8;7;10;3;10;7;6;3;7;3;3;4;8;7;2;1;2;19;6
NR2C1_MOUSE.H10MO.C.bed,0.135081967213,206,1525,47409,1;0;0;0;0;1;1;0;1;0;0;1;1;0;0;1;0;1;0;1;1;0;0;1;2;1;0;0;0;0;0;1;0;0;0;1;2;1;1;4;1;2;0;0;0;0;1;1;0;2;0;1;1;0;0;0;1;1;1;0;0;0;1;1;2;1;1;0;0;0;0;0;0;0;1;0;0;0;2;0;0;2;1;0;0;0;0;2;0;0;0;0;0;1;0;0;1;0;0;1
PURA_MOUSE.H10MO.D.bed,0.134213006598,2848,21220,305951,16;10;8;5;18;8;4;11;9;6;4;2;11;11;2;10;6;11;6;4;7;14;4;14;15;7;5;6;6;6;9;15;13;17;11;8;8;11;12;2;14;16;9;10;26;13;7;14;13;11;8;11;11;10;10;9;12;29;15;6;29;23;12;9;21;13;12;7;8;14;8;15;11;6;8;9;7;15;8;15;9;9;11;10;8;6;9;7;5;4;7;7;9;11;8;4;7;4;19;8
GLI1_MOUSE.H10MO.C.bed,0.134161490683,108,805,42739,1;0;0;0;0;0;0;0;0;0;0;0;1;0;0;0;0;0;0;0;0;0;0;0;0;0;1;0;0;0;0;0;0;0;0;0;0;0;0;0;0;0;0;0;0;0;0;0;0;0;0;0;0;0;0;0;0;0;1;1;0;0;0;0;0;0;0;0;0;0;0;0;0;0;0;1;1;0;0;0;0;0;0;0;0;0;0;0;0;0;0;0;0;0;0;1;0;0;0;1
ZN423_MOUSE.H10MO.D.bed,0.133254716981,113,848,39294,1;0;0;0;0;0;0;0;1;0;0;0;0;0;0;0;1;0;0;1;2;0;1;0;0;0;0;1;0;0;0;0;0;0;0;1;0;0;1;0;0;0;0;0;0;0;2;0;0;0;0;0;0;0;0;0;1;0;1;0;0;1;0;0;0;0;0;0;0;0;0;2;0;0;0;0;0;0;0;0;0;0;0;0;0;0;1;0;0;0;1;0;0;0;0;0;2;0;0;1
SRBP1_MOUSE.H10MO.B.bed,0.132928475034,197,1482,45036,2;0;2;0;0;1;0;0;0;0;0;0;0;1;0;0;1;0;0;2;1;0;0;0;2;0;2;2;0;1;0;0;2;0;0;0;0;3;0;0;2;1;2;1;1;1;0;0;2;0;0;0;1;1;1;1;1;0;0;1;0;1;0;0;0;0;0;0;0;0;0;0;0;1;0;1;0;0;1;0;0;1;0;0;1;2;0;0;0;0;1;0;0;0;1;0;0;0;0;1
SRF_MOUSE.H10MO.A.bed,0.132132132132,44,333,37916,1;0;0;0;0;0;0;2;0;0;1;0;0;0;0;0;0;0;0;0;0;0;1;0;0;0;0;0;0;0;0;0;0;0;0;0;0;1;0;0;0;0;0;0;0;0;0;0;0;0;0;0;0;0;0;0;0;0;0;0;0;0;0;0;0;0;0;1;0;0;0;1;0;0;0;0;0;0;0;0;0;0;0;0;0;0;0;0;0;0;0;0;1;0;0;1;0;2;0;1
NR2C2_MOUSE.H10MO.A.bed,0.131873479319,271,2055,59044,1;2;0;0;1;1;0;1;1;1;0;0;1;1;1;1;0;0;1;1;0;1;0;2;0;0;1;1;2;0;1;0;0;0;0;0;0;1;0;1;1;1;2;1;0;0;1;1;0;2;4;1;4;0;1;2;2;0;0;0;0;0;0;1;1;0;0;0;1;1;1;1;1;3;2;0;0;3;0;1;0;1;1;1;1;0;3;0;0;1;0;0;2;1;1;0;0;0;0;2
ZN148_MOUSE.H10MO.D.bed,0.130996015936,6576,50200,560204,34;15;27;12;24;11;17;43;26;26;20;14;24;21;16;16;9;31;17;15;23;24;26;31;36;33;25;16;35;29;25;45;38;31;31;33;36;34;35;21;35;43;33;40;46;33;27;24;33;22;25;28;24;30;33;23;28;50;26;37;33;32;28;25;47;47;17;25;27;28;14;29;31;24;20;30;22;41;21;47;19;22;41;24;20;16;27;21;9;22;18;11;29;37;17;14;24;21;46;20
TBX20_MOUSE.H10MO.C.bed,0.13056379822,132,1011,43957,2;1;0;0;0;1;0;0;0;0;0;1;1;0;0;0;0;0;0;0;1;1;1;1;2;0;0;0;0;0;0;1;1;0;1;0;0;0;0;0;0;1;0;0;1;2;0;0;1;0;1;1;0;0;1;2;0;0;1;2;0;0;0;0;1;0;1;0;0;0;0;0;1;0;0;0;0;0;1;0;0;0;0;0;0;0;0;0;1;1;0;0;0;0;0;1;0;0;0;1
COE1_MOUSE.H10MO.C.bed,0.128615702479,249,1936,50539,1;2;1;0;0;0;1;1;0;0;0;0;1;0;0;0;0;0;1;1;0;1;1;1;1;1;0;0;1;2;1;1;1;0;1;1;0;0;0;2;0;1;1;0;0;0;0;0;1;1;1;2;2;1;1;2;1;0;1;2;1;1;1;1;0;0;1;0;1;0;0;1;0;0;0;0;2;0;2;0;0;1;0;2;0;3;1;2;1;1;0;0;0;1;0;1;0;1;3;2
GLI3_MOUSE.H10MO.B.bed,0.126408010013,101,799,42912,1;0;0;0;0;0;0;0;0;0;0;1;0;0;0;0;0;0;0;0;0;0;0;1;0;0;0;0;0;0;0;0;0;0;0;0;0;0;0;0;0;0;0;0;0;0;0;0;0;0;0;0;1;1;0;0;0;0;0;0;0;0;0;0;0;0;0;0;1;1;0;0;0;0;0;0;0;0;0;0;0;0;0;0;0;0;1;0;0;0;1;0;0;0;0;0;0;0;0;1
PTF1A_MOUSE.H10MO.C.bed,0.126256281407,201,1592,89494,1;1;1;2;0;1;0;1;1;0;0;1;1;2;0;0;3;0;0;1;2;0;1;2;0;0;1;0;0;0;0;0;0;2;0;5;0;0;1;0;3;0;0;0;1;1;3;1;1;0;0;1;0;0;1;2;0;1;1;0;2;0;1;1;2;2;0;2;1;0;0;0;1;0;1;0;0;0;2;1;0;1;1;1;1;2;1;0;0;3;1;0;1;0;1;0;2;1;0;3
ESR2_MOUSE.H10MO.B.bed,0.126185958254,133,1054,43764,1;0;0;0;0;0;0;1;1;1;0;3;0;0;0;0;0;5;1;0;0;1;1;0;0;0;0;1;0;0;1;2;0;0;1;0;0;0;0;0;1;0;0;0;0;0;0;0;0;2;0;0;1;0;2;1;0;0;0;1;0;0;0;0;0;0;1;0;1;0;0;0;0;0;1;2;0;0;0;0;0;0;0;0;0;0;1;1;0;0;0;0;0;0;1;1;1;1;1;1
TF65_MOUSE.H10MO.C.bed,0.12523364486,67,535,40141,1;0;0;0;0;1;0;0;0;0;0;0;0;0;1;0;0;0;0;0;0;0;0;0;0;0;0;0;0;0;0;1;0;0;0;0;0;0;0;0;0;0;1;0;0;1;0;0;0;0;0;0;1;0;0;0;0;0;1;0;0;0;0;0;0;0;0;0;0;0;0;0;0;1;0;0;1;1;0;0;0;0;0;0;0;0;0;0;0;0;0;0;0;0;1;1;0;1;0;1
TCF7_MOUSE.H10MO.C.bed,0.125,49,392,37583,2;0;0;0;0;0;0;0;0;0;0;0;0;0;0;0;0;0;0;0;0;0;0;0;0;0;0;0;0;0;0;1;0;0;1;0;0;2;0;0;0;0;0;0;0;0;0;0;1;0;0;0;0;0;0;0;1;0;0;0;0;0;0;0;0;0;0;0;0;0;0;0;1;0;0;0;0;0;0;0;0;0;0;0;0;0;1;0;0;0;0;0;0;0;0;0;0;0;0;1
PPARA_MOUSE.H10MO.C.bed,0.124811273276,248,1987,57262,2;2;0;0;2;0;2;1;1;0;0;1;1;1;0;0;1;1;0;1;2;1;1;1;1;0;1;1;0;0;0;0;0;0;1;1;1;1;2;0;1;0;0;2;2;3;0;1;2;1;0;0;0;0;0;1;1;0;0;0;2;1;1;2;3;1;0;2;1;1;0;1;0;1;0;2;0;1;1;0;3;0;0;0;1;0;0;1;1;0;0;0;0;0;0;0;0;0;0;1
TF7L2_MOUSE.H10MO.A.bed,0.123364485981,66,535,42734,2;0;1;0;0;0;0;0;0;1;1;0;0;0;0;0;1;0;0;0;1;1;0;0;0;1;0;1;0;0;0;0;1;0;0;0;0;1;0;0;0;0;0;0;0;0;0;1;1;0;0;0;0;0;0;0;0;0;0;0;0;0;0;0;1;1;0;0;0;0;0;0;0;0;0;0;0;0;0;1;0;0;1;0;0;0;1;0;0;0;0;0;0;0;0;0;0;0;0;1
SMAD1_MOUSE.H10MO.D.bed,0.122796352584,202,1645,52118,2;1;0;0;0;0;0;0;0;0;1;1;0;1;0;0;0;0;0;1;1;0;1;2;1;1;0;0;0;0;0;0;0;0;1;1;0;0;0;1;0;0;1;1;0;0;1;0;0;0;2;4;0;1;0;0;1;0;1;1;1;2;0;0;1;0;1;1;0;1;0;0;0;0;0;0;1;0;1;1;1;1;1;2;0;0;2;0;0;0;0;1;0;1;2;0;2;1;2;1
ENOA_MOUSE.H10MO.A.bed,0.122754491018,82,668,38272,1;0;0;2;0;1;0;0;0;0;0;0;0;0;0;1;0;1;0;0;0;0;0;0;0;0;0;0;0;0;0;0;0;0;0;0;0;0;1;0;0;1;0;0;0;0;1;0;0;0;0;0;0;0;1;0;0;0;0;0;0;0;0;0;0;0;1;0;0;0;0;0;0;0;0;1;0;2;0;0;0;0;0;0;0;0;1;0;2;0;0;1;1;0;0;0;0;0;0;1
ELF3_MOUSE.H10MO.D.bed,0.122149837134,150,1228,51733,2;0;0;1;0;0;1;0;1;2;1;0;0;0;1;1;0;0;1;0;0;1;0;0;0;0;0;0;1;0;0;1;1;0;0;2;1;0;0;0;2;0;0;0;1;1;0;0;1;0;1;2;0;0;0;0;1;0;0;0;0;0;2;0;1;0;0;0;0;0;2;0;0;0;1;0;1;0;1;0;0;0;0;1;0;1;0;0;0;0;0;0;0;0;1;0;1;0;0;1
HNF4G_MOUSE.H10MO.C.bed,0.121472392638,99,815,41355,1;0;1;0;1;0;0;1;0;0;1;0;0;0;0;1;0;1;2;0;0;0;0;0;0;0;0;0;0;0;0;0;0;1;0;0;0;0;0;0;0;1;0;0;0;0;1;0;0;0;0;0;0;0;0;1;0;0;0;0;0;0;0;1;0;0;0;0;0;1;0;0;0;0;0;1;0;0;0;0;0;0;0;1;1;0;0;1;0;0;0;0;0;1;0;0;0;0;0;1
TFE3_MOUSE.H10MO.C.bed,0.121212121212,52,429,38435,1;0;0;0;1;0;0;0;1;0;0;1;0;0;0;1;1;0;1;0;0;0;0;0;1;0;0;0;0;0;0;0;0;0;0;0;0;0;0;0;0;0;0;0;0;0;0;0;0;0;1;0;0;0;0;1;0;0;0;0;0;0;0;0;0;0;0;0;0;0;0;0;0;0;0;0;0;0;0;0;1;0;0;0;0;0;0;0;0;0;0;0;0;0;0;0;0;0;0;1
SRBP2_MOUSE.H10MO.B.bed,0.121058777735,622,5138,76344,1;3;3;0;4;2;1;0;0;1;1;3;3;1;1;0;0;3;1;1;3;0;1;2;1;3;1;2;6;1;2;1;0;6;0;0;3;6;4;2;0;3;2;2;2;0;0;1;2;4;1;2;0;1;3;5;1;3;2;3;3;4;1;1;0;1;2;3;3;0;0;1;0;3;4;7;2;1;4;1;3;0;1;0;3;1;1;2;2;0;2;2;0;1;3;2;1;2;2;3
TGIF1_MOUSE.H10MO.D.bed,0.120234604106,123,1023,44758,1;1;0;1;1;0;0;0;0;2;1;0;0;0;1;2;0;1;0;0;0;1;0;0;1;0;1;1;0;0;0;1;0;0;1;0;0;0;0;0;0;0;0;0;2;2;0;0;3;0;0;0;0;1;0;0;1;0;0;1;2;1;0;1;1;0;0;0;0;0;0;1;0;0;0;0;0;0;0;0;0;1;2;1;0;0;0;1;1;0;0;0;0;0;0;1;0;0;0;2
HAND1_MOUSE.H10MO.D.bed,0.119460500963,62,519,39435,1;0;0;0;0;0;0;0;0;1;0;0;0;0;0;1;0;0;0;0;0;0;0;0;0;1;0;0;0;0;0;0;0;0;0;1;1;0;0;0;0;0;0;0;0;0;0;0;0;0;0;0;0;0;0;0;0;0;0;0;0;0;0;0;0;0;1;0;0;1;0;1;0;0;0;0;0;0;0;0;0;0;0;0;0;0;0;0;1;0;0;0;0;0;0;0;0;0;0;2
COT1_MOUSE.H10MO.S.bed,0.118507681053,162,1367,50352,1;0;0;0;0;0;1;0;1;0;0;0;1;0;0;0;1;1;0;1;1;0;1;0;1;0;1;0;0;0;0;0;0;1;1;0;1;1;1;0;2;0;0;0;0;2;0;0;0;1;0;0;0;0;0;1;2;1;0;0;1;0;0;2;3;1;1;1;0;1;0;2;0;1;0;1;0;1;0;0;0;1;1;0;0;1;0;2;0;0;0;0;0;0;0;0;0;0;0;1
THB_MOUSE.H10MO.C.bed,0.11811023622,135,1143,45408,1;1;0;0;0;0;0;1;0;0;1;0;0;0;1;1;1;0;0;0;0;0;0;0;0;0;0;1;0;0;1;0;1;1;0;0;0;0;0;0;0;1;0;0;2;0;0;0;1;3;1;0;0;1;0;0;2;1;1;1;0;0;0;1;1;1;0;0;0;0;1;1;0;2;0;0;3;0;0;0;1;0;0;0;0;0;0;0;0;0;0;0;0;2;0;0;0;1;0;2
HNF4A_MOUSE.H10MO.A.bed,0.117402164863,141,1201,48090,1;0;0;0;0;0;0;0;0;0;0;1;0;1;0;0;0;0;0;0;0;0;0;0;1;2;0;0;2;1;1;0;0;0;0;0;0;0;1;1;0;0;0;2;0;0;1;1;0;0;0;1;1;0;0;0;0;0;0;0;1;0;0;0;0;0;2;1;0;0;0;0;0;2;0;0;0;0;0;0;0;0;0;0;0;0;0;0;0;0;0;0;0;0;0;0;0;1;0;1
P53_MOUSE.H10MO.C.bed,0.117108874657,128,1093,46066,1;1;0;0;3;1;0;0;0;1;2;0;0;0;0;0;0;0;0;0;0;0;0;0;0;0;0;1;0;0;0;0;0;0;0;0;0;0;1;0;1;0;0;0;0;0;0;1;0;1;0;0;0;0;3;0;0;1;1;0;0;0;0;0;0;0;1;0;0;0;2;0;0;0;0;0;0;2;0;1;0;0;0;0;0;0;1;0;2;0;1;0;0;0;0;0;0;0;0;1
REL_MOUSE.H10MO.C.bed,0.116545265349,112,961,42690,1;0;0;0;0;0;0;0;0;0;0;1;0;0;0;0;0;0;0;1;0;1;0;0;1;2;0;0;0;0;0;0;0;0;0;0;0;0;1;0;0;0;1;1;0;0;0;0;0;0;0;0;0;2;2;0;0;0;0;0;0;0;1;0;0;0;0;1;1;0;0;1;0;0;0;0;0;1;0;0;0;0;0;0;0;0;0;0;0;0;0;0;0;0;0;0;1;0;1;1
TAL1_MOUSE.H10MO.S.bed,0.115681233933,45,389,39646,1;0;0;0;0;0;0;0;0;0;0;1;0;0;0;0;0;0;0;0;0;0;0;0;0;0;0;0;0;0;1;0;0;0;0;0;0;0;0;1;0;0;0;0;0;0;1;0;1;0;0;0;0;0;0;0;1;0;1;0;0;0;0;0;0;0;0;0;0;0;0;0;1;0;0;0;0;0;0;1;0;0;0;0;0;0;0;0;0;0;1;0;0;0;0;0;0;0;0;1
NR4A3_MOUSE.H10MO.D.bed,0.113892365457,91,799,42329,2;0;0;0;0;0;0;0;0;0;1;1;0;0;0;0;0;0;0;0;0;0;1;0;0;0;0;0;0;0;1;0;0;0;1;0;1;0;0;0;1;0;0;0;0;2;0;0;0;0;0;1;0;0;0;0;1;0;0;1;0;0;0;0;1;0;0;0;1;0;0;2;1;0;0;0;0;0;0;1;0;0;0;0;0;0;1;0;0;0;0;0;0;0;0;0;0;0;1;1
IRF1_MOUSE.H10MO.C.bed,0.113744075829,72,633,41954,1;0;1;0;0;2;0;1;0;0;0;0;0;0;1;0;0;2;1;0;0;0;0;1;0;0;0;2;0;0;0;0;0;0;2;0;0;0;1;0;0;0;0;0;0;0;0;0;0;0;0;0;0;0;0;0;0;0;0;0;0;0;0;0;0;0;0;0;0;0;0;0;0;0;0;1;0;0;0;0;0;0;0;0;0;0;0;0;0;1;0;1;0;0;1;0;0;0;0;1
NR1D1_MOUSE.H10MO.D.bed,0.113460988854,397,3499,80510,5;0;3;0;0;0;1;4;1;0;1;0;0;0;1;2;2;0;1;0;0;2;1;0;0;2;3;0;0;1;3;2;0;2;0;0;2;6;5;2;0;0;0;2;5;0;0;2;2;1;2;2;1;1;1;2;0;1;1;2;1;3;3;3;2;1;2;3;0;0;2;4;2;1;1;2;0;5;7;1;3;0;0;0;1;1;4;0;5;1;0;1;1;0;0;1;2;2;1;2
PEBB_MOUSE.H10MO.C.bed,0.11273957159,100,887,47440,1;0;0;0;0;1;0;0;0;1;1;1;1;0;0;0;0;1;1;0;1;3;0;0;0;0;2;1;1;1;0;0;0;0;0;1;0;0;0;1;0;0;0;1;0;0;0;0;0;0;0;0;0;2;0;0;0;0;0;1;0;0;0;0;0;0;0;0;0;1;0;0;1;1;0;0;0;0;0;0;0;0;0;0;0;1;0;0;1;0;1;0;2;0;0;0;0;0;0;1
HLF_MOUSE.H10MO.C.bed,0.112676056338,8,71,33783,1;0;0;0;0;0;0;0;0;0;0;0;0;0;0;0;0;0;0;0;0;0;0;0;0;0;0;0;0;0;0;0;0;0;0;0;0;0;0;0;0;0;0;0;0;0;0;0;0;0;0;0;0;0;0;0;0;0;0;0;0;0;0;0;0;0;0;0;0;0;0;0;0;0;0;0;0;0;0;0;0;0;0;0;0;0;0;0;0;0;0;0;0;0;0;1;0;0;0;1
PO4F2_MOUSE.H10MO.D.bed,0.112554112554,26,231,36982,1;0;0;1;0;0;0;0;0;0;0;0;0;1;0;1;0;0;0;0;0;0;0;0;0;0;0;0;0;0;0;0;0;0;0;0;0;0;0;0;0;0;0;0;0;0;0;0;0;0;0;0;0;0;0;0;0;0;0;0;0;0;0;0;0;0;0;0;0;0;0;0;0;0;0;0;0;0;0;0;0;0;0;0;0;0;0;0;0;0;0;0;0;0;0;0;0;0;0;1
ZEP1_MOUSE.H10MO.D.bed,0.112480739599,73,649,38782,1;1;0;0;0;0;0;0;0;0;0;0;1;0;1;0;0;0;0;0;0;0;0;0;0;0;0;0;1;0;0;0;0;0;0;0;0;0;1;0;1;1;0;1;1;1;0;0;0;1;0;0;0;1;0;0;0;0;1;0;0;0;0;0;0;1;0;0;0;0;0;0;0;0;0;0;0;0;0;0;0;0;0;0;0;0;0;1;0;1;0;0;0;0;0;1;0;0;0;1
SOX18_MOUSE.H10MO.D.bed,0.112474437628,55,489,40990,1;0;0;0;0;0;0;1;0;0;0;1;0;0;0;1;0;0;0;0;0;0;0;0;0;0;1;0;0;0;0;0;0;0;0;0;0;0;0;0;0;0;0;0;0;0;0;0;1;0;0;0;0;0;0;0;0;0;0;0;0;0;0;0;1;0;0;0;0;0;0;0;0;0;0;0;0;0;0;0;0;0;0;0;0;0;0;0;0;0;1;0;0;1;0;0;0;0;0;1
NR6A1_MOUSE.H10MO.B.bed,0.112211221122,340,3030,76834,3;0;0;0;1;1;0;3;2;0;1;0;1;0;1;0;1;1;0;0;0;0;1;1;0;0;0;3;0;1;1;0;0;1;0;0;2;2;0;1;4;0;1;2;1;2;0;1;1;2;0;0;5;0;2;1;0;2;1;0;0;0;1;2;0;1;0;0;0;0;1;1;3;2;1;2;1;4;2;0;3;2;1;2;1;0;1;1;0;0;1;1;2;2;1;0;1;0;3;2
STAT4_MOUSE.H10MO.A.bed,0.111340206186,54,485,38943,1;0;1;0;0;0;0;0;0;0;1;0;0;0;0;0;1;0;0;1;0;0;0;0;0;0;0;0;0;0;0;0;1;0;0;0;0;0;0;2;0;0;0;0;0;0;0;0;0;0;0;0;0;0;0;0;0;0;0;0;0;1;0;0;0;0;0;0;0;0;0;0;0;1;0;1;0;0;0;0;0;0;0;0;0;0;0;1;1;0;0;0;1;0;0;0;1;0;1;1
NFAT5_MOUSE.H10MO.D.bed,0.109913793103,51,464,39503,1;0;0;0;0;0;0;0;0;0;0;0;0;0;1;0;1;0;0;1;0;0;0;0;0;1;0;0;0;0;0;1;0;0;0;0;0;0;0;0;0;0;0;0;0;0;0;0;0;0;0;0;0;0;1;1;1;0;0;0;0;0;0;0;0;0;0;0;0;0;0;0;0;1;0;0;0;0;0;0;0;0;0;0;0;0;0;0;0;0;0;0;0;0;0;0;1;0;0;2
RARB_MOUSE.H10MO.D.bed,0.109850204267,242,2203,62448,1;0;1;0;1;2;1;0;1;1;0;3;0;0;1;0;1;2;1;1;1;0;0;0;2;1;1;0;0;0;0;0;0;0;3;2;1;0;2;1;1;0;2;0;0;1;2;1;0;0;0;1;1;1;0;0;1;0;0;0;0;2;1;0;3;1;0;2;1;2;1;0;1;2;1;0;2;0;2;1;0;0;0;0;0;0;0;0;0;1;0;1;0;0;1;1;1;1;0;2
P63_MOUSE.H10MO.D.bed,0.109734513274,62,565,41874,2;0;0;0;0;1;0;0;0;1;0;0;0;1;0;0;1;0;1;0;0;0;0;0;1;0;0;0;0;0;0;0;0;0;0;0;0;1;0;1;0;0;0;0;0;0;0;0;0;0;0;0;0;0;0;0;0;1;0;0;0;0;1;0;0;0;0;0;0;0;0;0;1;0;0;0;0;1;1;0;0;1;0;0;0;0;0;0;0;0;0;0;0;0;1;0;0;0;0;1
SPI1_MOUSE.H10MO.A.bed,0.109630526953,181,1651,68944,1;0;0;2;3;0;1;0;0;0;2;0;1;0;1;1;0;2;2;0;0;0;0;0;0;1;1;0;0;2;0;1;0;0;0;0;0;1;0;1;0;1;0;0;0;0;1;0;2;0;0;0;0;0;2;0;1;0;1;0;0;0;1;1;0;1;2;1;0;1;0;1;0;0;0;1;1;1;1;0;0;0;0;1;0;0;0;0;0;0;1;0;1;1;0;2;1;0;1;4
BCL6_MOUSE.H10MO.C.bed,0.108132260947,121,1119,47187,1;1;0;2;0;0;1;0;2;0;0;0;0;0;2;0;0;0;0;0;0;1;1;0;0;0;0;0;0;0;0;0;0;1;2;0;1;0;0;1;0;0;1;0;0;1;1;1;0;0;0;0;0;0;0;0;1;0;0;0;0;1;0;0;0;1;0;3;0;2;0;2;1;0;1;0;0;1;3;0;0;0;0;0;0;0;0;1;1;1;1;0;0;0;2;0;1;0;1;1
NDF1_MOUSE.H10MO.C.bed,0.106981981982,95,888,44216,1;0;1;0;1;2;1;0;0;0;0;1;0;0;1;0;0;1;0;0;0;0;0;0;1;0;0;0;0;0;0;0;0;0;1;1;0;0;0;0;1;0;0;0;0;1;0;0;0;0;0;0;1;0;0;1;1;0;0;0;0;1;0;0;0;0;0;0;0;1;0;0;1;0;0;0;1;0;0;0;1;0;0;0;0;0;1;0;0;0;0;0;2;0;0;0;0;0;1;1
MEF2A_MOUSE.H10MO.B.bed,0.106728538283,46,431,39520,1;0;1;1;0;0;0;0;0;0;0;0;1;0;0;1;0;0;0;0;0;0;1;0;0;0;0;0;0;0;0;0;0;0;0;0;0;0;0;0;0;0;0;0;0;0;0;0;0;0;0;0;0;0;0;0;2;0;0;0;0;0;0;0;0;1;0;0;0;0;0;0;0;0;0;0;0;0;0;0;0;1;1;0;1;0;0;0;0;0;0;0;0;0;0;0;0;0;0;1
THA_MOUSE.H10MO.S.bed,0.10612244898,78,735,41400,1;0;0;0;0;1;0;0;0;1;0;0;0;0;1;0;0;0;1;0;0;1;0;0;0;1;0;0;0;0;0;0;0;0;0;0;0;1;0;1;0;0;0;0;1;0;0;0;1;0;1;1;0;0;0;0;0;0;0;0;1;0;1;0;0;0;0;0;0;0;1;0;1;0;0;0;1;0;0;0;1;0;0;0;0;0;0;0;1;0;0;0;0;0;0;0;0;1;0;1
MAZ_MOUSE.H10MO.D.bed,0.104482949189,6428,61522,992841,46;31;37;14;40;24;21;48;77;45;42;29;26;24;21;32;21;46;24;31;29;36;50;39;43;33;32;22;31;35;30;54;52;53;56;49;37;43;32;37;42;38;23;25;45;36;23;24;29;23;20;27;18;33;38;29;42;55;37;51;66;49;38;23;46;38;14;31;40;37;28;50;56;43;31;41;30;45;23;50;19;35;41;28;23;29;32;20;31;25;26;18;23;42;29;27;27;23;42;21
GCR_MOUSE.H10MO.C.bed,0.104029990628,111,1067,46526,1;2;1;0;0;0;0;0;0;0;0;1;1;0;1;0;0;0;0;0;1;1;1;1;1;0;1;0;0;0;0;0;1;0;0;1;0;0;0;0;0;1;1;0;3;0;0;0;0;0;0;1;2;0;0;0;0;0;0;0;0;0;1;1;1;0;1;0;0;0;0;0;0;1;0;0;0;1;0;0;0;0;1;0;1;0;0;0;1;0;0;0;0;0;0;0;0;0;0;1
HLTF_MOUSE.H10MO.D.bed,0.103165298945,88,853,42423,1;0;1;0;0;1;0;0;0;0;0;0;2;0;0;0;1;1;0;0;0;0;0;0;1;0;1;0;1;0;0;0;0;0;0;0;1;0;0;0;0;0;1;2;1;0;0;0;0;2;0;0;0;0;0;0;2;0;0;0;0;0;1;0;0;0;0;1;0;0;0;0;0;0;1;0;1;0;1;0;1;0;0;0;0;0;0;0;0;0;0;0;0;0;1;0;0;0;0;1
PRDM1_MOUSE.H10MO.A.bed,0.102861562258,133,1293,56712,2;0;2;0;0;0;1;0;0;0;0;1;1;0;2;0;0;1;0;1;0;0;0;0;4;0;0;2;0;1;0;0;0;0;1;0;0;1;0;3;2;0;0;0;0;1;1;0;0;0;0;0;0;0;1;1;2;1;1;1;1;0;0;0;0;0;1;0;1;0;0;0;0;0;0;0;0;0;0;0;0;1;0;0;0;0;0;0;1;0;0;0;3;5;4;0;0;1;2;5
ETV5_MOUSE.H10MO.D.bed,0.101941747573,63,618,42377,1;0;0;0;0;0;0;0;0;0;0;0;0;0;0;1;0;0;0;0;1;0;0;0;0;0;0;1;2;0;0;0;0;0;0;2;0;0;1;0;0;1;0;0;0;0;0;0;1;0;0;0;0;0;0;0;0;0;0;0;0;0;0;1;1;0;0;0;0;1;0;0;1;0;1;0;0;0;1;0;1;0;0;2;1;0;0;0;0;0;0;0;0;0;0;1;1;0;0;1
THB_MOUSE.H10MO.S.bed,0.101871101871,49,481,37550,1;0;0;0;0;0;0;0;0;0;0;1;0;0;0;0;1;0;1;0;0;0;0;0;0;1;0;0;0;0;0;0;0;1;0;0;0;0;0;0;0;0;0;0;0;0;0;0;0;0;0;0;0;1;0;0;0;0;0;0;0;0;1;0;0;0;0;1;0;0;0;0;0;1;0;1;0;0;2;0;0;0;0;0;0;0;0;0;0;0;0;0;0;0;0;0;0;0;0;2
MEF2D_MOUSE.H10MO.C.bed,0.1,43,430,38310,1;0;0;0;0;0;1;0;0;0;1;1;1;0;1;0;0;0;0;0;1;0;0;0;0;0;0;0;0;0;0;0;0;0;0;0;0;0;0;0;0;0;0;0;0;0;0;1;0;0;0;0;0;0;0;0;0;0;0;0;0;0;0;0;0;1;0;0;0;0;0;0;0;0;0;0;0;0;0;0;1;0;0;0;0;0;0;0;0;0;0;0;0;0;0;0;0;1;1;1
THA_MOUSE.H10MO.C.bed,0.099907493062,108,1081,45172,1;0;0;1;0;0;0;0;0;0;0;0;0;0;0;1;0;0;0;0;0;0;0;0;0;1;0;0;0;0;0;0;0;0;0;0;0;0;1;0;0;0;0;0;0;1;0;0;0;0;0;0;1;0;0;1;0;0;2;0;0;0;0;0;1;1;0;1;0;2;0;0;0;0;0;0;0;0;0;0;1;0;0;2;0;1;0;0;0;1;0;0;1;0;0;0;0;1;0;2
NR1I3_MOUSE.H10MO.C.bed,0.0998751560549,80,801,43370,2;0;0;0;1;1;0;0;0;0;0;0;0;0;0;0;0;0;0;0;0;0;1;0;0;0;1;0;0;0;0;0;0;1;0;2;1;0;1;0;0;0;0;0;0;0;1;0;0;0;0;0;0;1;0;0;0;1;3;0;0;0;0;0;1;0;0;0;0;2;0;1;0;0;1;0;0;0;0;1;1;0;0;0;1;0;0;0;0;1;0;0;0;1;1;1;0;0;1;1
RXRB_MOUSE.H10MO.C.bed,0.0997474747475,79,792,45328,1;0;1;0;0;0;1;0;1;0;0;1;0;1;0;0;0;1;1;0;0;0;0;0;1;0;0;0;0;1;0;0;1;0;1;0;0;0;1;0;1;1;0;0;0;0;0;0;1;0;0;1;0;0;0;0;1;1;0;1;0;0;0;0;0;0;0;0;0;0;0;0;0;0;0;0;1;0;0;0;0;0;0;0;1;0;0;0;0;0;0;1;0;0;0;1;0;0;0;2
COT2_MOUSE.H10MO.S.bed,0.0991150442478,224,2260,63458,2;1;2;0;1;0;3;1;1;1;0;2;0;1;0;0;2;2;1;2;3;0;1;1;1;1;3;1;0;0;0;1;1;1;1;0;1;1;1;1;2;0;0;2;0;3;0;0;0;1;0;0;0;0;1;1;1;0;1;0;1;1;0;3;2;1;2;0;1;1;1;1;1;1;0;2;0;1;1;1;2;1;1;0;1;1;0;2;1;0;0;0;0;1;0;1;0;0;1;1
NR2F6_MOUSE.H10MO.D.bed,0.0987261146497,93,942,46254,1;0;1;0;0;0;0;0;2;0;0;1;1;0;0;0;0;0;0;0;1;0;1;0;0;0;0;0;1;0;0;0;0;0;0;0;0;0;0;0;0;0;0;0;0;0;0;3;1;0;1;0;0;0;0;1;0;1;0;1;0;1;0;0;1;0;0;0;2;1;0;0;0;0;0;0;0;0;1;2;0;0;0;2;0;0;1;0;0;0;0;0;0;1;0;0;0;0;0;1
TFE2_MOUSE.H10MO.A.bed,0.0983275663206,682,6936,119737,4;3;2;5;4;4;2;2;2;4;1;5;1;3;1;3;1;2;4;3;4;4;3;2;4;6;0;1;1;6;5;2;5;0;4;2;2;3;2;2;1;2;5;5;2;4;1;3;2;2;2;7;3;2;4;6;4;2;3;5;5;4;2;0;1;6;1;1;4;1;4;7;2;4;3;2;1;1;6;5;2;3;1;2;4;4;4;5;4;4;3;5;2;2;3;2;1;4;1;3
IRF8_MOUSE.H10MO.D.bed,0.0976789168279,101,1034,49249,1;0;1;0;1;0;0;1;0;1;0;0;1;1;0;0;1;0;0;3;0;0;0;0;0;0;1;0;0;2;1;2;0;1;0;0;2;0;0;0;0;0;0;2;0;0;0;0;0;0;0;0;0;1;0;0;0;0;0;0;0;0;0;0;1;0;0;0;1;0;0;0;0;0;1;0;0;0;0;0;0;0;0;0;1;0;0;0;0;0;0;0;0;1;0;0;0;0;1;1
PAX6_MOUSE.H10MO.D.bed,0.0975609756098,8,82,33533,1;0;0;0;0;0;0;0;0;0;0;0;0;0;0;0;0;0;0;0;0;0;0;0;0;0;0;0;0;0;0;0;0;0;0;0;0;0;0;0;0;0;0;0;0;0;0;0;0;0;0;0;0;0;0;0;0;0;0;0;0;0;0;0;0;0;0;0;0;0;0;0;0;0;0;0;0;0;0;0;0;0;0;0;0;0;0;0;0;0;0;0;0;0;0;0;0;0;0;1
SPIB_MOUSE.H10MO.B.bed,0.0971348707198,139,1431,68736,2;1;0;2;1;1;2;0;0;1;0;1;0;2;0;0;0;0;1;1;0;0;1;2;2;0;1;3;0;1;1;0;0;1;1;0;0;0;2;0;0;1;0;0;0;1;0;0;2;0;1;0;0;1;1;1;0;1;0;0;0;1;0;1;0;1;0;1;1;0;1;0;2;1;1;0;0;0;0;1;0;0;1;1;0;0;1;0;0;0;0;0;0;0;1;0;0;0;0;1
XBP1_MOUSE.H10MO.C.bed,0.0970873786408,10,103,33536,1;0;0;0;0;0;0;0;0;0;0;0;0;0;0;0;0;0;0;0;0;0;0;0;0;0;0;0;0;0;0;0;0;0;0;0;0;0;0;0;0;0;0;0;0;0;0;0;0;0;0;0;0;0;0;0;0;0;0;0;0;0;0;0;0;0;0;0;0;0;0;0;0;0;0;0;0;0;0;0;0;0;0;0;0;0;0;0;0;0;0;0;0;0;0;0;0;0;0;1
PPARD_MOUSE.H10MO.D.bed,0.0963740458015,101,1048,45655,1;1;0;0;0;0;0;0;1;0;0;0;0;1;1;0;1;1;0;0;0;0;1;0;1;1;0;0;1;0;0;0;0;0;0;0;0;0;0;0;1;0;1;0;0;0;0;0;0;0;0;1;0;1;0;0;0;3;1;0;0;0;0;0;0;1;0;0;2;1;0;1;0;1;0;0;0;0;0;1;0;0;0;1;0;0;1;0;0;0;0;0;0;0;0;1;0;2;0;1
PPARG_MOUSE.H10MO.A.bed,0.0961158657011,146,1519,54127,2;1;2;0;1;0;0;1;0;0;0;1;0;1;0;0;0;0;0;0;0;1;0;2;0;1;0;0;1;0;0;1;0;0;0;0;2;0;1;1;1;1;0;0;0;1;0;0;1;1;1;0;0;0;0;0;0;0;1;0;0;0;0;0;0;1;0;3;2;1;2;1;0;1;1;4;1;1;0;0;1;0;1;2;0;0;1;1;0;1;0;0;1;0;0;0;1;0;0;1
STAT2_MOUSE.H10MO.B.bed,0.0953947368421,116,1216,74414,2;0;1;1;0;1;1;2;1;1;1;1;1;0;0;1;1;2;0;0;1;1;0;2;1;0;1;0;1;0;0;0;0;0;2;0;0;0;0;0;1;0;0;1;2;0;0;0;0;0;1;0;0;1;1;0;1;1;0;0;0;1;0;1;1;1;2;0;2;0;0;0;0;1;0;0;3;0;0;1;1;0;0;0;2;1;1;0;0;0;0;0;0;1;1;0;0;1;0;1
EPAS1_MOUSE.H10MO.D.bed,0.0946419629444,378,3994,111163,3;0;0;0;1;4;2;1;2;2;4;1;3;1;2;1;5;0;4;0;2;0;1;3;1;3;2;5;2;2;1;2;0;0;0;1;0;0;1;0;1;0;3;1;1;1;6;6;4;1;5;1;2;0;0;0;2;6;0;1;0;4;3;3;2;1;2;1;0;1;1;2;0;0;2;1;6;1;1;1;1;1;4;5;1;1;3;2;2;2;4;4;3;1;0;0;4;2;2;2
PRGR_MOUSE.H10MO.C.bed,0.0944881889764,48,508,41059,1;0;0;0;0;0;0;0;0;0;1;0;1;0;0;0;0;0;0;0;0;0;0;0;0;0;0;0;0;1;0;0;0;0;0;0;0;0;0;0;0;0;0;0;0;0;0;1;0;0;1;0;0;0;1;0;1;0;0;0;0;0;0;0;1;0;0;0;0;0;0;0;0;0;0;0;0;1;0;0;0;0;0;0;0;0;0;1;1;0;0;1;0;0;0;0;0;0;0;1
PLAG1_MOUSE.H10MO.S.bed,0.0941176470588,48,510,37138,1;0;0;0;0;0;0;0;0;1;0;0;1;0;0;0;1;0;1;0;0;0;0;0;0;0;2;0;0;0;0;0;0;0;0;0;0;0;0;0;0;0;0;0;0;0;0;0;1;0;0;0;1;0;0;0;0;0;0;0;1;0;0;0;0;0;0;0;0;0;0;0;0;0;0;0;0;0;0;0;1;0;0;0;0;1;0;0;0;0;0;0;0;0;0;0;0;0;0;1
PIT1_MOUSE.H10MO.C.bed,0.093023255814,32,344,43231,1;0;0;0;0;0;0;1;0;0;0;0;0;0;0;0;0;0;0;0;0;0;0;0;0;0;0;0;0;0;0;0;0;0;0;0;1;0;0;0;0;0;0;1;0;0;0;0;0;1;0;0;0;0;0;0;0;0;1;0;0;0;1;0;0;0;0;0;0;0;0;0;0;0;0;0;0;1;0;0;0;0;0;0;0;0;0;0;0;0;1;0;0;0;0;0;0;0;1;1
HXC8_MOUSE.H10MO.D.bed,0.093023255814,20,215,36212,1;0;0;0;0;0;0;0;0;0;0;0;0;0;0;0;0;0;0;0;0;0;0;0;0;0;0;0;0;0;0;0;0;0;0;0;0;0;0;0;0;0;0;0;0;0;0;0;0;0;0;0;0;0;0;0;0;0;0;0;0;0;0;0;0;0;0;0;0;0;0;0;0;0;0;0;0;0;0;0;0;0;0;0;2;0;0;0;0;0;0;0;0;0;0;0;0;0;0;1
ARI5B_MOUSE.H10MO.C.bed,0.0923423423423,41,444,40770,1;0;0;0;0;0;0;0;0;0;2;1;0;0;0;0;0;0;0;0;0;0;0;0;0;0;0;0;0;1;1;0;0;0;0;0;0;0;0;0;0;0;0;0;0;0;0;0;0;0;0;0;0;0;0;0;0;0;0;0;1;0;0;0;0;0;0;0;0;0;0;0;0;1;0;0;0;0;0;0;0;0;0;0;0;1;1;0;0;0;0;0;0;0;0;0;1;0;0;1
GATA1_MOUSE.H10MO.A.bed,0.0922330097087,38,412,40158,2;0;0;0;0;0;0;0;0;0;0;0;0;0;0;0;0;0;0;0;0;1;0;0;0;0;0;0;0;0;0;0;0;1;0;0;0;0;0;0;0;0;0;0;0;0;0;0;0;0;1;0;0;0;0;0;1;0;0;0;0;0;0;0;0;0;0;0;0;1;0;0;0;1;0;0;0;0;0;0;1;0;0;1;0;0;3;0;0;0;0;1;0;0;0;0;0;0;0;1
GFI1B_MOUSE.H10MO.C.bed,0.0921717171717,73,792,43569,2;0;0;1;0;0;1;0;0;0;0;0;0;0;0;1;0;1;0;1;1;0;0;0;0;1;1;0;0;0;0;1;0;0;0;0;0;0;0;0;0;0;0;0;0;0;0;0;0;0;1;0;0;0;1;1;0;1;0;0;0;0;0;0;0;0;0;0;0;0;0;1;0;0;0;1;1;1;0;1;0;0;1;0;0;0;0;0;2;0;1;1;0;1;1;0;1;0;1;1
RUNX2_MOUSE.H10MO.B.bed,0.092050209205,66,717,43726,3;1;0;0;0;0;0;0;0;0;1;0;0;0;0;0;0;1;0;0;1;0;0;0;0;0;0;0;0;0;1;0;1;0;0;0;1;0;0;0;0;2;0;0;0;0;0;0;0;0;0;0;0;1;1;0;0;0;0;0;0;1;0;0;0;1;0;0;0;0;0;0;0;0;0;1;0;0;0;0;0;0;0;0;0;0;0;0;1;0;0;0;0;1;0;0;0;0;0;1
FOXF2_MOUSE.H10MO.D.bed,0.0916666666667,33,360,39304,1;0;0;1;0;0;0;1;0;1;0;0;0;0;0;0;0;0;0;0;0;0;0;0;0;0;1;0;0;0;0;0;0;0;0;0;0;0;0;0;0;0;0;0;0;0;0;0;0;0;0;0;0;0;0;0;0;0;0;0;0;0;0;0;0;0;0;0;0;0;0;0;0;1;0;0;0;1;0;0;0;0;0;0;0;0;0;0;0;0;0;1;0;1;0;0;1;0;0;1
HXA7_MOUSE.H10MO.D.bed,0.0900900900901,10,111,35680,1;0;0;0;0;0;0;0;0;0;0;0;0;0;0;0;0;1;0;0;0;0;0;0;0;0;0;0;0;0;0;0;0;0;0;0;0;0;0;0;0;0;0;0;0;0;0;0;0;0;1;0;0;0;0;0;0;0;0;0;0;0;0;0;0;0;0;0;0;0;0;0;0;0;1;0;0;0;0;0;0;0;0;0;0;0;0;0;0;0;0;0;0;0;0;0;0;0;0;1
E2F5_MOUSE.H10MO.B.bed,0.0888888888889,8,90,31699,1;0;0;0;0;0;0;0;0;0;0;0;0;0;0;0;0;0;0;0;0;0;0;0;0;0;0;0;0;0;0;0;0;0;0;0;0;1;0;0;0;0;0;0;0;0;0;0;0;0;0;0;0;0;0;0;0;1;0;0;0;0;1;0;0;0;1;0;0;0;0;0;0;0;0;0;0;0;0;0;0;0;0;0;0;0;0;0;0;0;0;0;0;0;0;0;0;0;1;1
STAT6_MOUSE.H10MO.C.bed,0.0871647509579,91,1044,57747,1;2;1;0;0;0;0;0;0;0;0;0;2;0;0;1;1;0;0;0;0;1;0;0;0;0;1;0;0;2;0;0;0;1;0;0;0;3;0;0;0;0;0;0;0;0;2;0;0;0;0;0;0;0;0;1;0;0;0;0;0;0;0;0;0;0;0;0;1;1;1;2;1;0;0;0;0;0;0;0;0;0;1;1;0;1;0;1;1;0;0;0;0;0;0;1;0;2;0;1
CEBPE_MOUSE.H10MO.A.bed,0.0869565217391,4,46,32884,0;0;0;0;0;0;0;0;0;0;0;0;0;0;0;0;0;0;0;0;0;0;0;0;0;0;0;0;0;0;0;0;0;0;0;0;0;0;0;0;0;0;0;0;0;0;0;0;0;0;0;0;0;0;0;0;0;0;0;0;0;0;0;0;0;0;0;0;0;0;0;0;0;0;0;0;0;0;0;0;0;0;0;0;0;0;0;0;0;0;0;0;0;0;0;0;0;0;0;0
IRF3_MOUSE.H10MO.C.bed,0.0865671641791,145,1675,85045,3;0;0;1;2;0;1;1;1;0;1;1;0;0;0;0;0;0;2;2;1;0;0;0;1;0;1;0;0;0;0;0;1;1;1;1;0;2;3;0;0;1;1;1;0;0;0;0;1;1;0;1;0;1;4;5;3;1;0;0;2;0;0;0;0;1;1;1;0;0;0;0;1;1;0;1;0;0;0;1;0;0;0;0;2;1;2;0;0;0;0;0;4;6;5;1;2;3;2;5
NR1I2_MOUSE.H10MO.C.bed,0.0864,54,625,41144,2;0;0;1;1;0;0;0;0;0;0;0;1;0;0;1;1;0;0;1;0;0;0;0;0;0;0;0;0;0;0;0;0;0;1;1;1;0;0;0;1;0;1;0;0;1;0;1;0;0;0;0;0;1;0;0;0;0;0;0;1;0;0;0;0;0;1;0;0;0;0;0;1;0;1;0;0;0;0;0;0;0;0;0;0;0;0;0;1;0;0;0;0;1;0;1;2;0;1;2
RORG_MOUSE.H10MO.C.bed,0.085910652921,50,582,39816,1;0;0;2;0;0;0;0;0;0;0;0;0;0;0;0;0;0;0;0;1;0;0;0;1;0;0;0;0;0;0;0;0;0;0;0;0;0;1;1;0;0;0;0;0;0;0;0;0;0;0;0;0;0;0;0;0;0;1;0;1;0;0;0;1;0;1;0;1;0;0;0;0;0;0;0;0;0;1;0;0;0;0;0;0;0;0;0;0;1;0;0;1;0;0;0;0;0;0;1
SMAD3_MOUSE.H10MO.C.bed,0.0858283433134,43,501,37985,1;0;0;0;0;0;0;0;0;0;0;0;0;0;0;0;0;0;0;0;0;0;0;0;0;0;0;0;0;0;0;0;0;0;0;0;0;0;0;0;0;0;0;0;0;0;0;0;0;1;0;1;0;0;0;0;0;0;0;0;0;0;0;0;0;0;0;0;0;0;0;0;0;1;0;0;0;0;1;0;0;0;1;0;1;0;0;0;0;0;0;0;0;0;0;1;0;0;0;1
STA5B_MOUSE.H10MO.C.bed,0.0852390852391,41,481,40832,1;0;1;1;0;0;0;0;0;0;0;0;0;0;0;0;0;0;0;0;0;0;0;0;1;0;0;1;0;0;0;0;0;0;0;0;0;0;0;0;0;1;0;0;0;0;0;0;0;0;0;0;0;0;0;0;0;0;0;0;1;1;0;2;0;0;0;0;0;0;0;0;0;0;0;0;0;0;0;0;1;0;0;0;0;0;0;0;0;1;0;0;1;0;0;1;0;0;0;1
HSF2_MOUSE.H10MO.A.bed,0.0843263061412,92,1091,50575,2;1;0;0;0;0;0;1;0;0;1;0;0;0;2;0;0;1;0;0;0;0;0;0;3;0;0;1;1;4;0;0;0;0;0;0;0;0;0;1;0;0;1;0;0;1;0;2;0;0;0;0;1;0;0;0;1;1;0;3;1;0;0;0;0;1;0;1;1;1;0;1;0;0;0;0;0;0;0;0;0;0;0;2;1;1;1;1;1;1;1;0;0;1;0;0;0;1;0;1
PKNX1_MOUSE.H10MO.D.bed,0.0841750841751,25,297,37317,2;0;0;0;0;0;1;0;0;0;0;0;0;0;0;0;1;0;0;0;0;0;0;0;0;0;0;0;0;0;0;0;0;0;0;0;0;0;0;0;0;0;0;0;0;0;0;0;0;0;0;0;0;1;0;0;0;0;0;0;0;0;0;1;0;0;0;0;0;0;0;0;1;0;0;0;0;0;0;0;0;0;0;0;0;0;0;1;0;1;0;0;0;0;0;0;0;0;0;1
MEIS2_MOUSE.H10MO.B.bed,0.0826709062003,52,629,41878,2;1;0;0;0;1;1;0;0;0;2;0;0;0;0;0;0;2;0;0;0;0;0;0;2;1;0;0;0;0;1;0;0;0;0;1;0;0;1;2;3;0;2;0;0;0;0;0;0;0;0;0;0;0;0;0;0;0;0;0;0;2;0;0;0;3;0;0;0;0;0;0;0;0;0;0;0;0;0;0;0;0;0;0;0;0;1;0;1;0;0;0;1;0;0;0;0;0;0;1
HXB8_MOUSE.H10MO.C.bed,0.0820895522388,11,134,35466,0;0;0;0;0;0;0;0;0;0;0;0;0;0;0;0;0;0;0;0;0;0;0;0;0;0;0;0;0;0;0;0;0;0;0;0;0;0;0;0;0;0;0;0;0;0;0;0;0;0;1;0;0;0;0;0;0;0;0;0;0;0;0;0;0;0;0;0;0;0;0;0;0;0;0;0;0;0;0;0;0;0;0;0;0;0;0;0;0;0;0;0;0;0;0;0;0;0;0;0
EVX2_MOUSE.H10MO.C.bed,0.0815850815851,35,429,42989,1;0;0;1;0;0;0;0;0;0;1;0;0;0;0;0;0;0;0;0;0;0;0;2;0;0;0;0;0;0;0;0;0;0;1;0;0;0;0;1;0;0;0;0;0;0;0;0;0;0;0;0;0;0;0;0;0;0;0;0;0;0;0;1;0;0;0;0;0;0;0;0;0;1;1;0;0;0;0;0;0;0;0;0;0;1;0;0;1;0;0;0;1;0;0;0;0;0;0;1
FOXA1_MOUSE.H10MO.B.bed,0.0815450643777,76,932,49408,1;0;2;0;0;1;0;0;0;0;0;0;3;0;0;0;0;0;1;0;0;0;0;0;0;0;0;0;0;0;0;0;0;2;0;0;0;0;1;0;0;0;0;0;0;0;0;0;1;0;0;1;0;0;0;0;1;1;0;0;1;0;0;0;0;0;0;0;1;0;0;1;0;0;2;0;1;0;1;0;0;0;0;0;0;1;0;0;0;0;0;0;0;1;0;0;0;2;0;1
TAL1_MOUSE.H10MO.A.bed,0.0813953488372,49,602,40485,1;0;1;0;1;0;1;0;0;0;0;0;0;0;0;1;0;0;0;2;0;0;0;0;0;0;0;0;1;0;0;0;0;2;1;1;0;0;0;0;0;1;0;0;0;0;0;0;0;0;0;1;0;0;0;0;0;0;0;0;1;1;0;0;0;0;0;0;0;0;1;0;0;0;1;0;1;1;0;0;0;0;0;0;0;0;0;0;0;0;0;0;0;0;1;0;1;1;1;2
RUNX3_MOUSE.H10MO.B.bed,0.0813953488372,63,774,42642,1;0;2;0;1;2;0;0;0;0;0;0;0;0;0;0;0;0;0;0;0;0;0;1;1;0;0;0;0;0;0;1;0;0;0;0;0;0;0;0;0;0;0;1;0;0;1;0;1;0;0;0;0;0;0;0;2;0;0;0;0;1;0;1;0;0;0;0;0;1;1;0;1;0;0;1;0;0;1;0;0;0;1;0;0;1;0;0;1;0;0;0;0;0;2;0;0;0;0;1
FOXD1_MOUSE.H10MO.D.bed,0.0812324929972,29,357,39188,1;0;0;0;0;0;0;0;1;0;0;0;0;0;1;1;0;0;0;0;0;0;1;0;0;0;0;0;0;0;0;0;0;1;0;0;0;1;0;0;1;0;0;0;0;0;0;0;1;0;0;0;0;0;1;0;0;0;0;0;0;0;1;0;0;1;1;0;0;0;0;0;0;0;0;1;0;0;0;0;1;0;1;1;0;0;0;0;0;0;0;0;0;0;0;0;0;0;0;1
MYB_MOUSE.H10MO.C.bed,0.0804794520548,47,584,40140,1;0;0;0;0;0;0;0;0;0;0;0;1;0;0;0;0;1;0;0;0;0;0;0;0;0;0;0;0;1;0;1;0;0;0;0;0;0;0;0;2;0;0;0;0;0;0;0;0;0;0;1;0;0;0;0;0;0;0;0;0;0;1;0;0;1;0;0;1;0;0;1;0;0;0;0;0;0;0;0;0;0;0;0;0;1;0;1;0;0;0;0;0;0;0;0;0;0;0;1
NR2E3_MOUSE.H10MO.C.bed,0.080394922426,57,709,47594,1;0;1;1;0;0;0;1;0;0;0;0;0;0;0;1;0;0;1;0;0;0;0;0;0;1;1;2;2;0;0;0;1;0;0;0;0;0;4;0;1;1;0;0;0;0;0;0;0;0;2;0;1;0;0;0;0;0;0;0;0;0;0;0;0;0;0;0;1;0;0;1;0;0;0;0;0;1;0;0;0;0;2;0;0;0;0;1;0;0;0;0;0;0;0;0;0;0;0;1
RREB1_MOUSE.H10MO.D.bed,0.0799327315784,2329,29137,418533,7;7;33;14;18;12;21;7;4;21;15;15;17;14;9;23;23;31;16;15;10;17;30;23;31;25;25;27;23;28;15;22;22;30;21;13;22;22;19;2;25;24;17;20;14;10;4;12;16;1;2;4;3;5;21;16;27;38;11;9;21;14;17;10;13;17;10;13;9;17;11;19;12;21;14;15;15;17;8;23;13;13;13;7;10;7;10;20;12;11;17;14;7;16;8;4;5;10;18;18
MEF2C_MOUSE.H10MO.B.bed,0.07962529274,34,427,40406,1;0;1;1;0;0;0;0;0;0;0;0;1;0;0;1;0;0;0;0;0;0;2;0;0;0;0;0;0;0;0;0;0;0;0;0;0;0;0;0;0;0;0;0;0;0;0;0;0;0;0;0;0;0;0;0;0;1;1;0;0;0;0;0;0;0;0;1;0;0;1;0;0;0;0;0;0;0;0;0;0;0;0;0;0;1;0;1;0;0;0;0;0;0;0;0;0;0;0;1
PBX2_MOUSE.H10MO.C.bed,0.0788043478261,29,368,39862,1;0;0;0;0;0;0;0;0;0;1;1;0;0;0;0;0;0;0;0;1;0;1;0;0;0;0;1;0;0;0;0;0;0;0;0;0;0;0;0;0;1;0;0;0;0;0;0;0;0;0;0;0;0;0;0;0;1;1;0;0;0;0;0;0;0;0;0;0;0;0;0;0;0;0;0;1;0;0;0;0;0;0;0;0;0;1;0;1;0;0;0;0;0;0;0;0;0;0;1
PRD14_MOUSE.H10MO.D.bed,0.0779816513761,34,436,37586,1;0;0;1;0;0;0;0;0;0;0;0;0;0;0;1;0;0;1;0;0;0;0;0;0;0;0;0;0;0;0;1;0;0;1;1;0;0;1;1;0;1;0;0;0;0;0;0;1;1;0;0;0;0;0;0;0;0;0;0;0;0;0;0;0;0;0;0;0;0;0;0;0;0;0;0;0;0;0;0;1;0;0;0;0;0;0;1;0;0;0;1;0;1;0;0;0;0;0;1
NFAC1_MOUSE.H10MO.S.bed,0.0777988614801,41,527,41911,2;1;0;0;0;0;0;1;0;0;2;0;0;0;0;0;1;0;0;0;0;0;0;2;0;0;0;2;0;0;0;0;0;0;1;0;1;0;0;0;0;0;0;0;0;0;0;0;0;1;0;0;0;0;0;0;0;0;0;0;0;1;0;0;1;0;0;0;0;0;1;0;0;0;0;0;2;0;1;0;0;0;0;1;1;0;0;0;1;0;0;1;1;0;0;0;0;0;0;1
EVI1_MOUSE.H10MO.B.bed,0.0776255707763,34,438,43481,1;0;0;0;2;0;0;0;0;0;0;0;0;0;0;0;0;1;0;0;0;0;0;0;1;0;0;0;0;0;0;0;0;0;0;0;0;0;0;0;0;0;0;0;0;0;0;0;0;1;0;0;2;0;0;0;0;2;0;0;0;0;1;1;0;0;0;0;0;0;0;0;0;0;0;0;0;0;0;0;0;0;0;0;0;0;0;1;0;0;0;0;0;0;0;0;0;0;0;1
MCR_MOUSE.H10MO.D.bed,0.0770288858322,56,727,42422,1;1;1;0;0;0;0;0;0;0;0;0;0;0;0;0;1;0;0;0;0;0;1;0;0;0;0;0;0;0;0;0;0;1;0;0;0;0;0;0;0;0;0;0;0;1;0;0;0;0;0;0;0;0;1;0;0;0;0;0;0;0;0;0;0;0;1;1;0;0;0;0;0;1;0;0;0;0;0;0;0;0;1;1;0;1;0;0;0;0;0;0;0;0;0;0;0;0;0;1
SOX17_MOUSE.H10MO.D.bed,0.0769230769231,28,364,39319,1;0;0;0;0;0;1;0;0;0;0;0;0;0;0;0;0;0;0;0;0;0;0;0;0;1;0;0;1;0;0;0;0;0;0;0;0;0;0;0;0;0;0;0;0;0;0;0;1;0;0;0;0;0;0;0;0;0;0;0;0;0;0;0;0;0;0;0;0;0;0;0;2;0;0;0;0;0;0;0;0;0;0;0;0;1;0;0;0;0;0;0;0;0;0;0;0;0;0;1
HXB1_MOUSE.H10MO.D.bed,0.0769230769231,49,637,44274,2;0;0;0;0;0;1;0;0;0;0;2;0;0;0;0;0;0;0;0;0;0;0;0;0;1;0;0;0;0;0;0;0;0;0;0;1;1;0;0;1;0;1;0;0;0;0;0;0;0;0;0;1;0;0;1;0;0;0;0;0;0;0;0;0;0;0;0;0;2;0;0;0;0;0;0;0;0;0;0;0;0;1;0;0;0;0;0;0;0;0;0;0;0;0;0;0;0;0;1
ZBT18_MOUSE.H10MO.D.bed,0.0765550239234,48,627,40662,1;0;0;0;1;0;0;0;0;0;0;0;0;0;1;0;0;0;0;0;0;0;0;0;1;0;0;1;1;0;0;0;2;0;0;0;0;0;0;0;0;0;1;0;0;0;0;0;0;0;0;0;0;0;0;0;0;0;0;0;0;0;0;0;1;0;0;0;0;0;0;1;0;0;0;0;0;1;1;0;0;1;1;1;2;1;0;0;0;0;0;0;0;0;1;0;0;0;0;1
TEAD3_MOUSE.H10MO.D.bed,0.0742659758204,43,579,41957,1;0;0;0;0;0;0;0;1;0;0;1;1;0;0;0;0;0;1;0;0;0;1;0;0;0;1;0;1;0;0;0;1;1;0;0;1;0;0;0;0;0;0;0;0;0;0;0;0;0;0;0;1;4;0;0;0;0;0;1;0;0;1;0;0;1;0;0;0;0;1;0;0;0;0;0;0;0;0;1;0;0;0;0;0;0;0;1;1;1;0;0;0;0;0;0;0;0;0;1
TBP_MOUSE.H10MO.C.bed,0.0731707317073,6,82,34858,1;0;0;0;0;0;0;0;0;0;0;0;0;0;0;0;0;0;0;0;0;0;0;0;0;0;0;0;0;0;0;0;0;0;0;0;0;0;0;0;0;0;0;0;0;0;0;0;0;0;0;0;0;0;0;0;0;0;0;0;0;1;0;0;0;0;0;0;0;0;1;0;0;0;0;0;0;0;0;0;0;0;0;0;0;0;0;0;0;0;0;0;0;0;0;0;0;0;0;1
HNF1B_MOUSE.H10MO.B.bed,0.0730593607306,16,219,36432,1;0;0;0;0;0;0;0;0;0;0;0;0;0;0;0;0;0;0;0;0;0;0;0;0;0;0;0;0;0;0;0;1;0;0;0;0;0;0;0;0;0;0;0;0;0;0;0;0;0;0;0;0;0;0;0;0;0;0;0;0;0;0;0;0;0;0;0;1;0;0;0;0;0;0;0;1;0;0;0;0;0;0;0;0;0;0;0;0;0;0;0;0;0;0;0;0;1;0;1
PO6F1_MOUSE.H10MO.D.bed,0.0722891566265,24,332,37598,1;0;0;0;0;0;0;0;0;1;0;0;0;1;0;0;0;0;1;0;0;0;0;0;0;0;0;0;0;0;1;0;0;0;0;0;0;0;0;0;0;1;0;0;0;0;0;0;0;0;0;0;0;0;0;0;0;0;0;0;0;0;0;0;0;0;0;0;0;0;0;0;0;0;0;0;0;0;0;0;0;0;0;0;0;0;0;0;0;0;0;0;0;0;0;0;0;0;1;3
FOXO3_MOUSE.H10MO.B.bed,0.0720288115246,60,833,47699,1;2;0;0;0;0;0;0;0;0;1;0;0;0;0;1;0;0;0;0;0;1;0;0;0;0;0;1;0;1;0;1;1;0;0;0;0;0;0;0;0;0;0;0;1;0;1;0;0;0;0;0;1;1;0;0;0;0;0;0;1;1;0;0;1;0;1;0;0;0;0;0;1;0;1;0;0;0;1;0;0;0;1;0;1;0;0;1;0;0;0;1;2;0;1;0;2;0;0;1
NKX32_MOUSE.H10MO.C.bed,0.071129707113,17,239,36038,1;0;0;0;0;0;0;0;0;0;0;0;0;0;0;0;0;0;0;0;0;0;0;0;0;0;0;0;0;0;0;0;0;0;0;0;0;0;0;0;0;0;0;0;0;0;1;0;0;0;0;0;0;0;0;0;0;0;0;1;0;0;0;0;0;0;0;0;0;0;0;0;1;0;0;0;0;0;0;0;0;0;0;0;0;0;0;0;0;0;0;0;0;0;0;0;0;0;0;1
FOXA2_MOUSE.H10MO.B.bed,0.0707547169811,30,424,41214,1;0;0;1;0;1;0;0;1;0;0;0;0;0;0;0;0;0;0;0;0;1;1;0;0;0;0;0;0;0;0;1;0;0;0;0;0;0;0;0;0;0;0;0;1;0;0;0;0;0;0;0;0;0;0;0;0;0;0;0;0;0;0;0;1;0;0;0;0;0;0;0;0;0;0;0;0;0;0;0;1;0;0;1;0;0;1;0;0;1;0;0;0;0;0;0;0;0;0;1
BRAC_MOUSE.H10MO.D.bed,0.0705394190871,17,241,37459,2;0;0;0;0;0;0;0;0;0;0;0;0;0;0;0;1;0;0;0;0;0;0;0;0;0;0;0;1;0;0;0;0;0;0;0;0;0;0;0;0;0;0;0;0;0;0;0;0;0;0;0;0;2;0;1;0;0;0;0;0;0;0;0;0;0;0;0;0;0;0;0;0;0;0;1;0;0;0;0;0;0;0;0;0;0;0;0;0;0;0;0;0;0;0;0;0;0;0;1
NR0B1_MOUSE.H10MO.D.bed,0.0704387990762,61,866,34896,1;0;0;1;1;0;0;0;0;1;0;0;0;0;0;0;1;0;1;1;0;0;0;0;0;1;2;1;0;0;0;0;2;0;1;0;0;0;0;0;0;0;0;0;0;1;1;0;0;0;0;0;1;0;0;0;0;0;0;0;1;0;0;0;1;0;0;1;1;0;1;1;1;0;0;1;1;0;1;0;0;1;2;1;1;2;0;1;0;0;1;0;0;2;0;0;1;1;0;1
FOXA3_MOUSE.H10MO.C.bed,0.0702179176755,87,1239,55736,1;2;0;3;0;0;1;0;0;0;1;0;0;2;1;0;0;0;3;0;0;0;1;1;1;0;0;0;0;1;1;0;0;2;0;1;0;0;1;0;1;1;0;0;1;0;0;0;0;0;0;1;0;1;1;0;0;0;0;0;1;0;1;1;1;0;0;1;0;0;0;0;0;0;0;0;0;1;0;0;0;1;1;0;3;1;1;0;0;0;0;1;0;2;0;0;0;0;0;2
HSF1_MOUSE.H10MO.A.bed,0.0700712589074,118,1684,59018,1;0;0;0;0;0;0;0;1;1;2;0;2;1;1;0;0;1;0;0;1;2;0;0;1;0;0;0;0;1;3;0;1;2;3;0;1;0;0;0;0;0;0;1;0;1;0;1;1;1;2;0;0;0;1;0;0;0;2;0;2;0;1;0;2;1;0;0;0;3;1;2;0;1;2;1;0;0;0;0;0;0;2;3;1;2;2;1;1;0;1;0;1;0;1;0;1;0;0;3
TFE2_MOUSE.H10MO.S.bed,0.0698324022346,25,358,39039,1;0;0;0;0;0;0;0;0;1;1;0;0;0;1;0;0;2;0;0;0;0;0;1;0;0;0;0;0;0;0;0;1;0;0;1;0;0;0;0;0;0;0;0;0;0;0;0;0;0;1;0;0;0;0;0;0;0;0;0;0;0;0;0;0;0;0;0;0;0;0;0;0;0;0;1;0;0;1;1;0;0;0;0;0;0;0;0;0;0;1;0;0;0;0;0;0;0;1;1
FOXC2_MOUSE.H10MO.D.bed,0.0698005698006,49,702,44593,3;0;1;1;0;0;0;0;0;0;0;0;0;0;0;0;0;0;0;0;0;1;0;0;0;0;0;0;0;1;0;0;0;0;0;0;0;0;0;1;0;0;1;0;0;0;0;0;0;0;0;0;0;2;0;0;0;0;0;0;0;0;0;0;0;0;0;0;0;0;0;0;1;1;0;0;0;2;0;0;0;0;0;0;1;0;0;1;0;0;0;0;0;0;1;1;0;0;0;1
CRX_MOUSE.H10MO.A.bed,0.0696378830084,25,359,37208,2;0;0;0;0;0;0;0;0;0;0;0;0;0;0;0;0;0;1;0;0;0;0;0;0;0;0;0;0;0;0;1;1;0;0;0;0;0;0;0;1;0;0;0;0;0;0;0;0;0;0;0;0;0;0;0;0;0;0;0;0;0;0;0;0;0;0;1;0;0;0;0;0;0;0;0;0;0;0;0;0;0;0;0;1;0;0;0;0;0;0;0;0;0;0;0;0;0;0;1
LHX2_MOUSE.H10MO.D.bed,0.0696202531646,11,158,35991,1;0;0;0;0;1;0;0;0;0;0;0;0;0;0;0;0;1;0;0;0;0;0;0;0;0;0;0;0;0;0;0;0;0;0;0;0;0;0;0;0;0;0;0;0;0;0;0;0;0;0;0;0;0;0;0;0;0;0;0;0;0;0;0;0;0;0;0;0;0;0;0;0;0;0;0;0;0;0;0;0;0;0;1;0;0;1;1;0;0;0;0;0;1;0;0;0;0;0;1
CEBPG_MOUSE.H10MO.C.bed,0.0689655172414,12,174,36325,1;0;0;0;0;0;0;0;0;0;0;0;0;0;0;0;0;0;0;0;0;0;0;0;0;0;0;0;0;0;0;0;0;0;0;1;0;0;0;0;0;0;0;0;0;0;0;0;0;0;0;0;0;0;0;0;0;0;0;0;0;0;0;0;0;0;0;0;0;0;0;0;0;0;0;0;0;0;0;0;0;0;0;0;0;0;0;0;0;0;0;0;0;0;0;0;0;0;0;2
ELF5_MOUSE.H10MO.D.bed,0.0641025641026,20,312,40761,1;0;0;0;0;1;0;0;0;0;2;0;0;0;0;0;1;0;1;0;0;0;0;0;1;0;0;1;0;0;0;0;1;0;0;0;0;0;1;0;0;0;0;0;0;1;0;0;0;0;0;0;0;0;0;0;1;0;0;0;0;0;0;0;0;0;0;1;0;0;1;0;0;0;0;0;0;0;0;0;0;0;0;0;0;0;0;1;0;0;0;0;0;0;0;0;0;1;0;1
HXD13_MOUSE.H10MO.D.bed,0.0634920634921,16,252,38202,1;0;1;0;0;0;0;0;1;0;0;0;0;0;0;0;0;0;0;0;0;0;1;0;0;0;0;1;0;0;0;0;0;0;0;0;0;0;0;0;0;0;0;0;0;0;0;0;0;0;0;0;0;0;0;0;0;0;0;0;0;0;0;0;0;1;0;0;0;0;0;0;0;0;0;0;2;0;0;0;0;0;0;0;0;0;0;0;0;0;0;0;0;0;0;0;0;0;0;1
TBX2_MOUSE.H10MO.D.bed,0.0627615062762,105,1673,53380,2;1;0;0;0;1;1;0;1;2;1;1;1;1;1;0;0;1;0;1;0;0;2;0;1;0;0;1;0;0;2;1;1;1;0;2;0;0;1;1;0;1;2;0;1;0;0;1;0;0;0;0;0;1;0;0;0;1;0;1;0;0;1;0;1;0;0;0;0;1;5;1;1;1;0;1;1;0;1;0;0;0;1;0;1;2;0;0;0;1;0;1;1;1;1;0;0;0;1;1
MSX3_MOUSE.H10MO.D.bed,0.0625,33,528,46366,1;0;0;0;1;0;0;0;0;0;0;0;1;0;0;0;1;0;0;0;0;0;0;0;0;1;0;0;0;0;0;0;0;0;0;2;0;0;0;0;0;0;1;0;0;0;0;0;0;0;0;1;1;0;0;0;0;0;0;0;0;0;1;0;0;0;0;0;0;0;0;0;0;0;0;0;0;1;0;0;0;0;0;1;0;0;1;0;0;1;0;0;1;0;0;0;0;0;0;1
DDIT3_MOUSE.H10MO.C.bed,0.0619834710744,30,484,70150,1;0;0;0;0;0;0;0;0;1;0;0;1;0;0;1;3;0;0;0;0;0;0;0;1;0;1;0;0;0;0;0;0;0;0;0;1;0;1;0;0;0;1;0;0;0;0;0;0;0;0;1;1;0;0;0;0;0;0;0;0;0;0;0;0;0;0;0;0;1;1;0;0;0;0;0;0;0;0;0;0;0;1;0;0;1;0;0;0;0;0;0;0;0;0;0;0;0;0;1
PBX1_MOUSE.H10MO.B.bed,0.0618279569892,23,372,40194,1;0;0;0;0;0;0;0;0;0;0;0;0;0;0;0;0;0;0;0;0;0;1;0;0;0;0;0;0;1;0;0;0;0;0;0;0;0;0;0;0;1;0;0;0;0;0;0;0;0;0;0;0;1;0;0;0;0;0;0;0;0;0;0;0;0;0;0;0;0;0;0;0;0;0;0;0;0;0;0;0;0;0;0;0;1;1;0;1;2;0;0;0;0;1;0;0;0;0;1
PROP1_MOUSE.H10MO.D.bed,0.0606060606061,20,330,41399,1;0;0;0;0;0;1;0;0;0;0;0;0;0;0;0;0;0;0;0;1;0;0;0;0;1;0;0;0;0;1;0;0;0;0;0;0;2;0;0;0;1;0;0;0;0;0;0;1;1;0;0;0;0;0;0;0;0;0;0;0;0;1;0;0;1;0;0;0;0;2;0;0;0;0;0;0;0;0;0;0;0;0;0;0;0;0;0;0;0;0;1;0;2;0;0;0;0;0;1
RXRA_MOUSE.H10MO.C.bed,0.0603366524419,509,8436,189255,5;2;5;8;5;6;7;7;4;3;3;2;4;6;5;4;5;3;2;3;4;9;1;4;4;3;3;6;2;1;4;5;3;3;3;3;3;2;3;2;4;2;3;1;2;1;1;0;4;0;2;0;5;3;4;2;4;4;1;2;3;3;4;4;2;4;3;0;4;3;7;5;3;2;9;6;4;5;3;4;4;2;6;6;1;4;7;3;5;7;4;6;5;3;3;4;6;6;4;6
CEBPB_MOUSE.H10MO.A.bed,0.059880239521,10,167,35710,1;0;0;0;0;0;0;0;0;0;0;0;0;0;0;0;0;0;0;0;0;0;0;1;0;0;0;0;0;0;0;0;0;0;0;0;0;0;0;0;0;0;0;0;0;0;0;0;0;0;0;0;0;0;0;0;0;0;0;0;0;0;0;0;0;0;0;0;0;0;0;0;0;0;0;0;0;0;0;0;0;0;0;0;0;0;0;0;0;0;0;0;1;0;0;1;0;0;0;1
MYBB_MOUSE.H10MO.D.bed,0.0598006644518,18,301,36898,1;0;0;1;0;0;0;0;1;2;0;0;0;0;0;0;0;0;0;0;0;1;0;0;0;0;0;0;0;0;0;0;0;0;0;0;1;0;0;0;0;0;0;0;0;0;0;0;1;0;0;0;0;0;0;0;0;0;0;0;0;0;0;0;0;0;0;0;0;0;0;0;1;0;0;0;0;0;0;0;0;0;0;0;0;0;0;1;0;1;0;0;0;0;0;0;0;0;0;1
RORA_MOUSE.H10MO.B.bed,0.0581818181818,16,275,37757,1;0;0;0;0;1;1;0;0;0;1;0;0;0;0;0;0;0;0;0;0;0;0;0;0;0;0;1;0;0;0;0;0;0;0;0;1;0;0;0;0;0;0;1;0;0;0;0;0;0;0;0;0;0;0;0;0;0;0;0;0;0;1;0;1;0;0;0;0;0;0;0;0;0;0;0;0;0;1;0;0;0;0;0;0;0;0;0;0;0;0;1;0;0;0;0;0;0;0;1
NFIL3_MOUSE.H10MO.C.bed,0.0576923076923,6,104,34211,1;0;0;0;0;0;0;0;0;0;0;0;0;0;0;0;0;0;0;0;0;0;0;0;0;0;0;0;0;0;0;0;0;0;0;0;0;0;0;0;0;0;0;0;0;0;0;0;0;0;0;0;0;0;0;0;0;0;0;0;0;0;0;0;0;0;0;0;0;0;0;0;0;0;0;0;0;0;0;0;0;0;0;0;0;0;0;0;0;0;0;0;0;0;0;0;0;0;0;1
IRF5_MOUSE.H10MO.D.bed,0.0546282245827,108,1977,76004,1;1;0;0;1;0;0;2;1;0;0;1;0;1;1;0;1;1;0;0;0;1;1;0;0;1;1;2;1;0;0;0;2;0;1;1;0;0;2;5;1;0;1;2;0;0;0;2;0;0;1;0;0;0;1;0;0;1;0;0;1;0;0;0;1;0;0;2;1;2;0;1;0;0;0;0;2;0;0;2;0;1;1;1;0;1;1;0;1;0;1;2;0;0;3;1;1;3;1;1
BHE41_MOUSE.H10MO.D.bed,0.0538391640164,237,4402,60227,3;3;0;1;4;1;2;6;7;2;8;4;5;13;4;7;7;3;5;4;1;2;3;2;0;2;0;1;0;0;2;0;0;1;2;0;1;0;0;0;0;0;0;0;2;1;0;1;1;1;0;0;0;0;0;0;0;0;1;2;0;0;0;1;2;0;0;0;2;0;0;0;1;0;1;3;1;3;3;2;7;4;8;8;8;5;2;3;7;5;3;2;2;3;2;1;2;2;0;1
TEAD4_MOUSE.H10MO.D.bed,0.0537848605578,27,502,42211,1;0;0;0;0;0;0;0;0;0;0;0;0;0;0;1;0;1;0;0;0;0;0;1;0;0;1;0;2;1;0;0;0;0;0;0;0;0;0;0;2;0;0;0;0;0;0;0;0;0;0;0;0;0;0;0;1;0;0;0;0;0;0;0;0;0;0;1;0;0;0;3;0;0;0;0;0;1;0;0;1;0;2;0;1;0;1;0;0;0;0;0;1;0;0;1;0;0;0;1
AIRE_MOUSE.H10MO.C.bed,0.0526315789474,18,342,40807,1;0;0;1;0;0;0;0;1;0;0;0;1;0;0;1;0;0;0;1;0;0;0;0;0;0;0;0;0;0;0;0;0;0;0;0;0;1;0;0;0;0;0;0;0;0;0;0;0;0;0;0;0;0;0;0;0;0;0;0;0;0;0;0;0;0;1;0;0;0;0;0;0;0;0;0;0;0;0;0;0;0;0;0;0;0;1;0;0;0;0;0;1;0;0;0;0;0;0;1
HXA9_MOUSE.H10MO.D.bed,0.0501792114695,14,279,38558,1;0;0;0;0;0;0;0;0;0;1;0;1;0;0;0;0;0;0;0;0;1;0;0;0;0;0;0;0;0;0;0;0;0;0;0;0;0;0;0;0;0;0;1;0;0;0;0;0;0;0;0;0;0;0;0;0;0;0;0;1;0;1;0;0;0;0;0;0;0;0;0;0;0;0;0;0;0;0;0;0;0;0;0;0;0;1;0;0;0;0;0;0;1;0;0;0;0;0;1
MEIS1_MOUSE.H10MO.C.bed,0.0486618004866,20,411,40037,1;1;0;0;0;0;0;0;0;0;0;1;0;0;1;0;0;0;0;0;0;0;1;0;0;0;0;0;0;0;0;0;0;0;0;1;0;0;0;0;0;0;0;0;0;0;0;0;0;0;0;0;0;0;0;0;1;0;0;0;1;0;0;0;0;0;0;0;0;0;0;0;0;0;0;0;0;0;0;0;0;0;0;0;1;0;0;0;0;0;2;1;1;0;0;0;0;0;0;1
RXRG_MOUSE.H10MO.C.bed,0.0472468666385,671,14202,263667,7;13;8;8;5;10;7;14;7;6;11;2;10;12;10;7;8;9;6;6;4;5;7;7;6;9;8;4;5;5;10;3;5;9;7;5;5;8;4;2;2;9;2;5;3;2;2;2;2;1;2;1;5;6;3;5;6;4;2;7;7;2;5;5;2;4;6;4;1;8;14;6;10;6;9;9;7;9;4;8;9;5;10;6;5;9;8;5;10;8;12;8;15;6;10;5;7;11;3;13
STAT1_MOUSE.H10MO.A.bed,0.0465424177615,457,9819,301886,7;4;6;9;2;3;6;9;9;9;5;5;6;4;2;12;4;2;1;5;6;7;9;5;3;6;6;8;11;9;7;5;4;2;3;6;10;14;17;11;13;13;11;10;4;1;5;4;1;2;4;0;0;4;1;4;5;2;3;1;4;4;2;2;4;3;2;4;4;2;4;4;7;3;1;2;2;3;5;4;1;4;7;6;3;7;1;4;8;1;3;3;10;10;11;3;7;3;6;8
HXA13_MOUSE.H10MO.C.bed,0.0448430493274,10,223,37969,1;0;0;0;0;0;0;0;1;0;0;0;0;0;1;0;0;0;0;0;0;0;0;0;0;0;0;0;0;0;0;0;0;0;0;0;0;0;0;0;0;0;0;0;0;0;0;0;0;0;0;0;0;0;0;0;0;0;0;0;1;0;0;0;0;0;0;0;0;0;0;0;0;0;1;0;0;1;0;0;0;0;0;0;0;0;0;0;0;0;0;0;0;0;1;1;0;0;0;2
GATA2_MOUSE.H10MO.A.bed,0.0438356164384,16,365,37989,1;1;0;0;0;1;0;0;0;0;0;0;0;0;0;1;0;0;1;0;0;0;0;0;0;0;0;0;0;0;0;0;0;0;0;0;0;1;0;0;1;0;0;0;0;0;0;0;0;0;0;0;0;0;1;0;0;0;0;0;0;1;0;0;0;0;0;0;0;0;0;0;0;0;0;0;0;0;0;0;1;0;1;0;0;0;1;1;0;0;0;1;0;0;1;0;0;0;0;1
TEF_MOUSE.H10MO.D.bed,0.0430769230769,14,325,39941,1;0;0;0;0;0;0;1;0;0;0;0;0;0;0;1;0;0;0;0;0;0;0;0;0;0;1;1;0;1;0;0;0;0;0;0;1;0;0;0;0;0;0;0;0;0;0;0;0;0;0;0;0;0;0;0;0;0;0;0;0;0;0;0;0;0;0;0;0;0;0;0;0;0;0;0;0;0;0;0;0;0;0;0;0;0;0;0;0;0;0;0;0;1;0;0;0;0;0;1
EVX1_MOUSE.H10MO.C.bed,0.0430463576159,13,302,38328,1;0;0;0;0;0;0;0;0;0;0;0;0;0;0;1;0;1;0;0;0;0;0;1;0;1;0;1;0;0;0;0;0;0;0;0;0;0;0;0;1;0;0;0;0;0;0;0;0;0;0;0;0;0;0;0;0;0;0;0;0;0;0;0;0;0;0;0;0;0;0;0;0;0;0;0;0;0;0;0;0;0;0;0;0;0;1;1;0;0;0;0;0;0;0;0;0;0;0;1
STA5A_MOUSE.H10MO.A.bed,0.042471042471,33,777,48450,1;0;2;0;1;0;2;0;0;0;0;0;0;0;1;0;0;1;0;0;0;1;1;0;0;0;0;0;0;0;0;0;0;0;0;1;0;0;0;0;0;0;0;0;0;0;0;0;0;0;0;0;0;0;1;0;0;0;0;0;0;0;0;3;0;0;0;0;0;0;0;0;1;1;0;0;0;0;1;0;0;0;0;0;0;1;0;1;1;2;0;0;0;0;0;0;1;1;1;1
CDX4_MOUSE.H10MO.A.bed,0.0412844036697,9,218,36799,1;0;0;0;0;0;0;0;0;0;0;0;0;0;0;0;0;1;0;1;0;0;0;0;0;0;1;0;0;1;0;0;0;0;0;0;0;0;0;0;0;0;0;0;0;0;0;0;0;0;0;0;0;0;0;0;0;0;0;0;0;0;0;0;0;0;0;0;0;0;0;0;0;0;0;0;0;0;0;0;0;0;0;0;0;0;0;0;0;0;0;0;0;0;0;0;0;0;0;2
FOXC1_MOUSE.H10MO.C.bed,0.0408805031447,13,318,37846,1;0;0;0;0;0;0;0;0;0;0;0;0;0;0;0;0;0;0;0;0;0;0;0;0;0;0;0;0;0;0;0;0;1;0;0;0;1;0;0;0;0;0;0;0;0;0;0;0;0;0;0;0;0;0;0;0;0;0;0;0;0;0;0;0;0;0;0;0;0;0;0;1;0;1;0;0;1;0;0;0;0;0;0;0;0;0;0;0;0;0;0;0;0;0;0;1;1;0;1
ALX1_MOUSE.H10MO.B.bed,0.0405405405405,9,222,38858,1;0;0;0;1;0;0;0;0;0;0;0;0;0;0;0;0;0;1;0;0;0;0;0;0;0;0;0;0;0;0;0;1;0;0;0;0;0;0;0;0;0;0;0;0;0;0;0;0;0;0;0;0;0;0;1;0;0;0;0;0;0;0;0;0;0;0;0;0;0;0;1;0;0;0;0;1;0;0;0;0;0;1;1;0;0;0;0;1;0;1;0;0;0;0;0;0;0;0;1
NR5A2_MOUSE.H10MO.A.bed,0.039792746114,192,4825,107859,5;1;1;2;4;2;3;3;1;1;2;0;1;5;3;0;3;1;0;1;2;1;3;1;2;3;3;4;0;1;0;1;2;3;2;3;0;2;1;2;1;1;0;0;0;0;2;0;1;0;0;1;2;1;1;2;0;1;0;2;3;1;2;2;2;3;3;0;1;2;6;1;2;2;5;2;2;4;0;1;4;0;4;3;3;2;4;2;1;4;2;2;3;2;1;1;2;3;1;3
TBX3_MOUSE.H10MO.D.bed,0.039603960396,24,606,41909,2;0;0;1;1;1;0;0;0;0;0;0;0;0;0;0;0;0;1;0;0;0;0;0;0;0;0;1;0;0;1;1;0;1;0;0;1;0;0;0;0;0;0;0;0;0;0;0;0;0;0;0;0;0;0;0;0;0;0;0;1;0;0;0;0;0;0;0;0;0;0;0;0;0;0;1;0;0;0;1;0;0;0;1;0;0;0;0;0;0;0;0;0;1;0;1;0;0;1;1
HMGA2_MOUSE.H10MO.D.bed,0.0394736842105,3,76,34136,1;0;0;0;0;0;0;0;0;0;0;0;0;0;0;0;0;0;0;0;0;0;0;0;0;0;0;0;0;0;0;0;0;0;0;0;0;0;0;0;0;0;0;0;0;0;0;0;0;0;0;0;0;0;0;0;0;0;0;0;0;0;0;0;0;0;0;0;0;0;0;0;0;0;0;0;0;0;0;0;0;0;0;0;0;0;0;0;0;0;0;0;0;0;0;0;0;0;0;1
MYC_MOUSE.H10MO.A.bed,0.0389917290272,198,5078,103046,2;2;1;4;1;3;4;2;5;1;2;0;1;2;2;2;3;5;3;1;2;3;3;1;6;3;0;0;3;4;2;1;2;2;0;0;1;0;3;2;2;1;1;0;0;1;1;1;1;2;2;0;0;0;0;1;0;1;0;3;2;3;0;2;0;1;1;3;1;2;1;3;2;1;2;6;1;2;3;0;2;6;4;3;1;2;4;1;2;3;2;4;1;4;1;1;2;4;4;1
HNF1A_MOUSE.H10MO.A.bed,0.036036036036,8,222,37301,1;0;0;0;1;0;0;0;0;0;0;0;1;0;0;0;0;0;0;0;0;0;0;0;0;0;0;0;0;0;0;0;0;0;0;0;1;0;1;0;0;0;0;0;0;0;0;0;0;0;0;1;1;0;0;0;0;0;0;0;0;0;0;1;0;0;0;0;0;0;0;0;0;0;0;0;0;0;0;0;0;1;0;0;0;0;0;0;0;0;0;0;0;0;0;0;0;1;0;1
CDC5L_MOUSE.H10MO.D.bed,0.0357142857143,6,168,36064,1;0;0;0;0;0;0;0;0;0;0;0;0;0;0;0;0;0;0;0;0;0;0;0;0;0;0;0;0;0;0;0;0;0;0;0;0;0;0;0;0;0;0;0;0;0;0;0;0;0;0;0;0;0;0;0;0;0;0;0;0;0;0;0;0;0;0;0;0;0;0;0;1;0;0;0;0;0;0;0;0;0;0;1;0;0;0;0;0;1;0;0;0;0;0;0;0;0;0;1
IRF4_MOUSE.H10MO.C.bed,0.0355603448276,396,11136,324286,6;3;1;9;7;7;10;4;9;11;4;9;6;7;5;8;9;4;3;0;5;5;5;6;3;5;6;9;13;7;13;16;2;5;4;2;8;14;10;12;13;8;10;8;5;1;6;1;1;2;1;1;2;6;3;1;6;3;1;7;8;2;3;8;5;7;4;6;10;1;5;9;4;7;3;2;5;9;5;4;9;5;6;9;5;4;5;1;13;3;1;3;9;6;7;7;2;1;8;2
VSX2_MOUSE.H10MO.D.bed,0.0342857142857,6,175,36177,1;0;0;0;0;0;0;0;0;0;0;0;0;0;0;0;0;0;0;0;0;0;0;0;0;0;0;0;0;0;0;0;0;0;0;0;0;0;0;0;0;0;0;0;0;0;0;0;0;0;0;0;0;0;0;0;0;0;0;0;0;0;0;0;0;0;0;0;0;0;0;0;0;0;0;0;0;0;0;0;0;0;0;0;0;0;0;0;0;0;0;0;1;1;0;0;0;0;0;1
HXB6_MOUSE.H10MO.D.bed,0.0340909090909,6,176,37336,1;1;0;0;0;0;1;0;0;0;0;0;0;0;0;0;0;0;0;0;0;0;0;0;0;0;0;0;0;1;1;1;0;0;0;0;0;0;0;0;0;0;0;0;0;0;0;0;0;1;0;0;0;0;0;0;0;0;0;0;0;0;0;0;0;0;0;0;0;1;1;0;0;0;0;0;0;0;0;0;0;0;0;0;0;0;0;0;0;0;0;0;0;0;0;0;1;0;0;1
FOXO1_MOUSE.H10MO.C.bed,0.0336664913204,320,9505,245886,6;5;10;7;3;2;2;10;3;3;6;4;1;2;4;3;2;7;8;7;4;4;10;8;3;8;11;8;10;6;1;6;4;4;3;4;6;5;8;5;3;4;4;3;1;0;0;2;1;1;0;1;1;0;1;1;4;6;5;7;5;4;3;0;3;4;7;10;6;1;2;2;5;5;5;7;5;6;6;4;8;3;7;10;6;7;7;8;7;6;5;4;5;3;6;3;4;2;10;7
NKX22_MOUSE.H10MO.D.bed,0.0322580645161,12,372,39327,1;0;0;0;0;1;0;0;0;0;0;0;0;0;0;0;1;1;0;1;0;0;0;0;0;1;0;0;0;0;1;0;0;0;0;0;0;0;0;0;0;0;0;0;0;0;0;0;0;0;0;0;0;0;0;0;0;0;0;0;0;0;0;0;0;0;0;1;0;0;0;0;0;0;0;0;0;0;0;0;0;0;0;1;0;0;0;0;0;0;0;0;0;2;0;0;0;0;0;1
FUBP1_MOUSE.H10MO.D.bed,0.0306673209028,125,4076,119951,4;5;2;0;0;0;0;1;0;4;1;2;1;1;0;2;0;1;3;3;2;4;4;3;1;3;2;2;1;2;0;2;2;0;2;0;1;1;2;2;1;1;0;0;1;1;0;0;0;2;1;0;1;2;2;0;1;3;3;4;5;0;0;4;0;2;2;4;1;0;1;1;3;1;3;1;3;2;1;2;4;1;3;3;2;1;3;3;2;0;2;1;2;1;0;2;1;2;0;3
NR1H2_MOUSE.H10MO.D.bed,0.0303715670436,94,3095,66934,6;5;13;4;7;8;3;5;5;3;0;4;1;3;1;2;1;1;1;0;1;3;0;0;0;1;0;1;0;0;0;1;0;0;0;1;0;0;0;1;0;0;1;0;1;0;2;1;0;0;0;0;0;0;0;0;1;0;0;0;0;2;0;1;1;1;1;0;2;1;0;2;0;0;1;1;0;0;0;0;1;0;0;1;2;1;1;5;3;1;3;3;7;5;8;8;5;4;1;8
FOXM1_MOUSE.H10MO.D.bed,0.0301090154006,174,5779,156110,3;3;2;5;7;2;4;2;4;5;1;7;2;1;4;2;2;3;1;6;4;3;3;4;2;0;1;4;3;4;4;1;2;2;0;3;2;2;3;2;2;2;1;1;4;0;0;1;1;0;0;0;3;0;1;0;0;2;2;0;3;2;1;5;1;3;4;2;3;0;3;1;3;3;2;1;2;5;3;3;2;5;3;3;1;2;3;4;2;4;2;9;5;4;2;2;5;3;5;6
FOXQ1_MOUSE.H10MO.C.bed,0.0298507462687,14,469,44217,1;1;0;0;0;0;1;0;0;0;0;0;0;1;0;0;0;0;0;0;0;1;0;0;0;0;0;0;1;0;1;0;0;0;0;0;0;0;0;0;0;0;0;0;0;0;0;0;0;1;0;0;1;0;0;0;0;0;0;0;1;0;0;0;0;0;0;0;0;0;0;0;0;0;0;0;0;0;0;0;0;0;1;0;1;0;0;0;0;0;1;0;0;1;0;0;0;0;0;1
NKX31_MOUSE.H10MO.C.bed,0.0287206266319,11,383,45395,1;0;0;0;0;0;1;0;1;0;0;0;0;0;0;1;0;0;0;0;0;1;1;0;0;0;0;0;1;0;1;0;0;0;0;0;0;0;0;0;0;0;0;0;0;0;0;0;0;0;0;0;0;0;0;0;0;0;0;0;0;0;0;0;0;0;0;1;0;0;0;0;0;0;0;0;0;0;0;0;0;0;0;0;0;0;0;0;0;0;0;0;0;0;2;0;0;0;0;1
HXC6_MOUSE.H10MO.D.bed,0.0277227722772,14,505,45136,2;0;0;0;1;0;1;0;0;0;0;0;0;0;0;0;0;1;1;0;0;0;0;1;0;0;0;0;0;0;0;0;0;0;1;0;0;0;0;0;0;0;0;0;0;0;0;0;0;0;0;0;0;0;0;0;0;0;0;0;0;0;0;0;0;0;2;1;0;1;0;1;0;0;1;0;0;1;0;1;0;0;0;0;1;1;1;0;0;0;0;1;0;0;0;1;0;0;0;1
FOXJ3_MOUSE.H10MO.S.bed,0.0275142314991,174,6324,173846,2;7;6;2;1;4;4;8;1;7;2;2;1;0;0;2;2;7;3;3;2;3;4;8;3;5;12;5;5;1;1;3;2;8;5;4;1;0;3;1;3;2;1;3;0;0;1;1;0;2;1;0;0;0;1;2;1;1;3;3;2;2;1;0;3;1;2;2;6;4;2;1;2;5;2;2;6;1;3;4;3;7;3;2;6;5;6;4;3;2;2;1;5;3;9;2;7;3;4;6
LHX3_MOUSE.H10MO.C.bed,0.0263504611331,20,759,52069,1;0;2;1;0;0;0;0;0;1;0;0;0;0;0;2;0;0;0;0;0;0;0;1;0;0;4;0;0;0;0;0;0;0;0;0;0;1;0;0;0;0;0;0;0;0;0;0;0;0;0;0;0;0;0;0;0;0;0;2;0;0;1;0;1;0;0;0;0;0;0;0;0;0;1;0;0;0;2;0;2;1;2;0;0;1;1;0;0;1;0;1;0;1;0;0;0;0;0;2
OTX2_MOUSE.H10MO.C.bed,0.0263493905978,227,8615,167083,9;4;4;8;5;6;4;4;7;2;6;6;3;9;8;6;4;10;6;6;2;1;6;3;3;6;2;4;1;4;2;2;3;3;4;6;1;4;6;1;2;1;2;1;4;1;1;0;0;1;1;0;2;1;1;1;2;2;0;3;1;2;1;2;1;0;3;4;5;7;3;7;4;6;4;6;5;8;5;3;6;4;4;4;10;3;6;5;6;2;5;3;6;8;3;3;2;3;7;5
FOXJ3_MOUSE.H10MO.A.bed,0.0248493975904,33,1328,65819,2;0;0;0;2;4;0;0;1;0;0;0;0;0;0;1;1;1;0;0;2;1;1;0;1;3;1;0;1;0;0;0;0;0;0;0;0;2;0;0;0;0;1;0;0;0;1;0;0;0;0;0;0;0;0;0;1;0;2;0;0;0;0;1;1;0;2;1;1;1;0;1;0;0;1;1;1;0;2;0;1;0;0;2;3;0;1;0;0;1;2;1;0;0;0;0;0;3;0;1
NFAC1_MOUSE.H10MO.A.bed,0.024154589372,10,414,43057,1;0;0;0;0;0;0;0;2;0;0;1;1;0;0;1;0;0;1;0;0;0;0;0;0;0;0;0;0;0;0;1;1;1;0;0;0;1;0;0;1;0;0;0;0;0;0;0;0;0;0;0;0;0;0;0;1;0;0;0;1;0;0;0;0;0;1;0;0;0;1;0;0;0;0;0;0;0;0;0;0;0;0;0;0;1;0;0;0;1;0;0;0;0;0;0;0;0;0;1
FOXF1_MOUSE.H10MO.D.bed,0.0225872689938,11,487,45824,1;0;0;1;1;0;0;3;0;0;0;0;0;0;1;0;0;0;1;0;0;0;0;0;0;0;0;1;0;0;0;1;0;0;0;0;0;0;0;0;0;0;0;0;0;1;0;0;0;0;0;0;0;0;0;0;0;0;0;1;2;0;0;0;0;0;0;0;0;0;0;1;0;1;1;0;0;2;1;0;0;1;0;1;0;0;0;1;0;0;0;0;0;0;0;0;0;0;0;1
ONEC2_MOUSE.H10MO.D.bed,0.0214899713467,15,698,50316,1;0;0;1;0;2;0;0;0;0;0;0;0;0;0;0;1;1;0;0;0;0;0;0;0;0;0;0;0;0;0;1;0;1;1;0;0;0;0;0;0;1;0;0;1;0;0;0;0;0;0;0;0;0;0;0;0;0;0;0;1;0;1;0;0;0;0;0;0;0;1;1;0;0;0;0;0;1;1;0;0;0;0;0;0;1;0;0;0;0;0;1;0;0;0;0;0;0;0;1
GATA5_MOUSE.H10MO.D.bed,0.0212014134276,6,283,38989,1;0;0;0;0;0;0;0;0;2;0;1;0;0;0;0;0;0;0;0;0;0;1;0;1;0;0;0;1;0;0;0;0;0;0;0;0;0;0;0;0;0;0;0;0;0;0;0;0;0;0;0;0;0;0;0;0;0;0;0;0;0;0;0;0;0;0;0;0;0;1;0;1;0;0;0;0;0;0;0;0;0;0;0;0;0;0;0;0;0;0;0;0;0;0;0;0;0;0;1
HNF6_MOUSE.H10MO.C.bed,0.0203761755486,13,638,51523,1;0;0;0;0;1;0;0;0;0;0;0;1;0;0;0;0;0;1;0;0;0;0;0;0;0;0;0;0;0;0;0;0;0;0;0;1;1;0;0;0;0;0;0;0;0;0;0;0;0;0;0;0;1;0;0;0;0;0;0;0;0;0;0;0;0;0;1;0;0;0;1;0;0;0;0;2;0;0;0;0;0;0;0;0;0;0;0;0;0;0;0;0;0;0;0;0;0;0;2
ARI3A_MOUSE.H10MO.D.bed,0.0190746753247,47,2464,107772,3;2;1;0;3;1;1;1;0;3;1;2;2;0;1;1;0;5;1;3;2;8;0;1;1;0;1;0;0;0;0;0;1;1;5;0;6;2;1;0;0;1;0;0;0;0;0;0;0;0;0;1;0;0;2;0;0;0;0;0;0;2;1;1;2;1;2;1;1;0;3;0;1;3;0;0;1;3;1;0;3;0;0;0;0;1;0;0;5;1;3;0;0;2;2;1;0;0;4;4
ZFHX3_MOUSE.H10MO.D.bed,0.0141342756184,4,283,39885,1;0;0;1;0;0;0;1;0;0;1;0;0;0;1;0;0;1;0;0;0;0;0;0;0;1;0;0;0;0;0;0;0;0;0;0;0;0;0;0;0;0;0;0;0;0;0;0;0;0;0;0;0;0;0;0;0;0;0;0;0;0;1;0;0;0;0;1;0;1;0;0;0;0;1;0;1;0;0;0;0;0;0;0;0;0;0;0;0;0;0;0;0;0;0;0;0;0;0;1
CEBPA_MOUSE.H10MO.B.bed,0.0110497237569,2,181,36945,1;0;0;0;0;0;0;0;0;0;0;0;0;0;0;0;0;0;0;0;0;0;0;1;1;0;0;0;0;0;0;0;0;0;0;0;0;0;0;0;0;0;0;0;0;0;0;0;0;0;0;0;1;0;0;0;0;0;0;0;0;0;0;0;0;0;1;0;0;0;0;0;0;0;0;0;0;0;0;0;0;0;0;0;0;0;0;1;0;0;0;0;0;0;0;0;0;0;0;1
HXA10_MOUSE.H10MO.C.bed,0.00653594771242,1,153,37563,1;0;0;0;0;0;0;0;0;0;0;0;0;0;0;0;0;0;0;0;0;0;0;0;0;0;0;0;0;0;0;0;0;0;0;0;0;0;0;0;0;0;0;0;0;0;0;0;0;0;0;0;0;0;0;0;0;0;0;0;0;0;0;0;0;0;0;0;0;0;0;0;0;0;0;0;0;0;0;0;0;0;0;0;0;0;0;0;0;0;0;0;0;0;0;0;0;0;0;1
